   Permno    date           rtn
   14593    20040102      -0.004212
   14593    20040105       0.041823
   14593    20040106      -0.003608
   14593    20040107       0.022635
   14593    20040108       0.034086
   14593    20040109      -0.015411
   14593    20040112       0.031739
   14593    20040113       0.016435
   14593    20040114       0.003317
   14593    20040115      -0.055785
   14593    20040116      -0.005689
   14593    20040120       0.000440
   14593    20040121      -0.005279
   14593    20040122      -0.019018
   14593    20040123       0.017133
   14593    20040126       0.019947
   14593    20040127       0.002608
   14593    20040128      -0.023840
   14593    20040129       0.007105
   14593    20040130      -0.005291
   14593    20040202      -0.010638
   14593    20040203      -0.002688
   14593    20040204      -0.021114
   14593    20040205       0.028912
   14593    20040206       0.012935
   14593    20040209      -0.001893
   14593    20040210       0.013809
   14593    20040211       0.035683
   14593    20040212      -0.002941
   14593    20040213      -0.030763
   14593    20040217       0.006957
   14593    20040218       0.004318
   14593    20040219      -0.033964
   14593    20040220      -0.003115
   14593    20040223      -0.009375
   14593    20040224       0.007661
   14593    20040225       0.020125
   14593    20040226       0.010083
   14593    20040227       0.038194
   14593    20040301       0.004181
   14593    20040302      -0.008743
   14593    20040303       0.004620
   14593    20040304       0.051839
   14593    20040305       0.062798
   14593    20040308      -0.027674
   14593    20040309       0.042308
   14593    20040310       0.021402
   14593    20040311      -0.019147
   14593    20040312       0.015101
   14593    20040315      -0.040276
   14593    20040316      -0.023819
   14593    20040317       0.014330
   14593    20040318      -0.019855
   14593    20040319       0.007402
   14593    20040322       0.000000
   14593    20040323      -0.022042
   14593    20040324       0.008304
   14593    20040325       0.053726
   14593    20040326       0.006327
   14593    20040329       0.032175
   14593    20040330       0.000358
   14593    20040331      -0.031519
   14593    20040401       0.002589
   14593    20040402       0.014386
   14593    20040405       0.029818
   14593    20040406      -0.017302
   14593    20040407      -0.018685
   14593    20040408       0.008056
   14593    20040412       0.018525
   14593    20040413      -0.039586
   14593    20040414      -0.010769
   14593    20040415       0.099850
   14593    20040416      -0.004096
   14593    20040419      -0.028444
   14593    20040420      -0.021870
   14593    20040421       0.000000
   14593    20040422       0.001803
   14593    20040423      -0.002880
   14593    20040426      -0.020578
   14593    20040427      -0.007003
   14593    20040428      -0.018189
   14593    20040429       0.012098
   14593    20040430      -0.036982
   14593    20040503       0.011249
   14593    20040504       0.002685
   14593    20040505       0.019510
   14593    20040506      -0.002627
   14593    20040507       0.003386
   14593    20040510      -0.014623
   14593    20040511       0.032724
   14593    20040512       0.005895
   14593    20040513      -0.004029
   14593    20040514      -0.004781
   14593    20040517      -0.015521
   14593    20040518       0.015766
   14593    20040519      -0.021803
   14593    20040520       0.009067
   14593    20040521       0.014976
   14593    20040524       0.008484
   14593    20040525       0.039137
   14593    20040526       0.003520
   14593    20040527      -0.011926
   14593    20040528      -0.003905
   14593    20040601       0.000000
   14593    20040602       0.030649
   14593    20040603      -0.017981
   14593    20040604       0.013380
   14593    20040607       0.035789
   14593    20040608       0.018115
   14593    20040609      -0.004942
   14593    20040610       0.017881
   14593    20040614      -0.020169
   14593    20040615       0.018924
   14593    20040616       0.066797
   14593    20040617       0.002138
   14593    20040618       0.003048
   14593    20040621      -0.017624
   14593    20040622       0.020724
   14593    20040623       0.021212
   14593    20040624      -0.015430
   14593    20040625       0.015672
   14593    20040628      -0.035905
   14593    20040629       0.000308
   14593    20040630       0.001231
   14593    20040701      -0.007376
   14593    20040702      -0.037771
   14593    20040706      -0.004183
   14593    20040707      -0.018094
   14593    20040708      -0.008226
   14593    20040709      -0.003650
   14593    20040712      -0.029637
   14593    20040713       0.002745
   14593    20040714       0.012320
   14593    20040715       0.113252
   14593    20040716      -0.022168
   14593    20040719      -0.007143
   14593    20040720       0.007194
   14593    20040721      -0.018012
   14593    20040722       0.001898
   14593    20040723      -0.030934
   14593    20040726       0.018241
   14593    20040727       0.037428
   14593    20040728      -0.004934
   14593    20040729       0.011466
   14593    20040730      -0.009191
   14593    20040802      -0.023500
   14593    20040803      -0.009183
   14593    20040804       0.015980
   14593    20040805      -0.012583
   14593    20040806      -0.051290
   14593    20040809       0.017461
   14593    20040810       0.040264
   14593    20040811      -0.016180
   14593    20040812      -0.020638
   14593    20040813       0.015476
   14593    20040816      -0.001946
   14593    20040817       0.002924
   14593    20040818       0.028183
   14593    20040819      -0.032451
   14593    20040820       0.002931
   14593    20040823       0.009091
   14593    20040824       0.027992
   14593    20040825       0.034429
   14593    20040826       0.048714
   14593    20040827      -0.008944
   14593    20040830      -0.006696
   14593    20040831       0.010844
   14593    20040901       0.039722
   14593    20040902      -0.005577
   14593    20040903      -0.012058
   14593    20040907       0.015044
   14593    20040908       0.016499
   14593    20040909      -0.017882
   14593    20040910       0.004762
   14593    20040913      -0.007806
   14593    20040914      -0.002810
   14593    20040915      -0.008171
   14593    20040916       0.032670
   14593    20040917       0.021733
   14593    20040920       0.015347
   14593    20040921       0.007955
   14593    20040922      -0.028677
   14593    20040923       0.009480
   14593    20040924       0.000537
   14593    20040927       0.006436
   14593    20040928       0.013589
   14593    20040929       0.016824
   14593    20040930       0.001810
   14593    20041001      -0.002065
   14593    20041004       0.003103
   14593    20041005       0.014952
   14593    20041006       0.032258
   14593    20041007      -0.025098
   14593    20041008      -0.014134
   14593    20041011      -0.012033
   14593    20041012      -0.007774
   14593    20041013       0.038130
   14593    20041014       0.131572
   14593    20041015       0.011561
   14593    20041018       0.049451
   14593    20041019      -0.006911
   14593    20041020       0.001054
   14593    20041021       0.009901
   14593    20041022      -0.011055
   14593    20041025       0.002953
   14593    20041026       0.008833
   14593    20041027       0.048572
   14593    20041028       0.037575
   14593    20041029       0.004024
   14593    20041101       0.000954
   14593    20041102       0.020019
   14593    20041103       0.033832
   14593    20041104      -0.015549
   14593    20041105       0.004959
   14593    20041108      -0.006213
   14593    20041109      -0.006068
   14593    20041110       0.012951
   14593    20041111       0.010046
   14593    20041112       0.003617
   14593    20041115      -0.004685
   14593    20041116      -0.005521
   14593    20041117      -0.000637
   14593    20041118       0.008925
   14593    20041119      -0.003972
   14593    20041122       0.112017
   14593    20041123      -0.001304
   14593    20041124       0.045373
   14593    20041126       0.007806
   14593    20041129       0.060263
   14593    20041130      -0.020310
   14593    20041201       0.011037
   14593    20041202      -0.038059
   14593    20041203      -0.038798
   14593    20041206       0.049458
   14593    20041207      -0.043934
   14593    20041208       0.006201
   14593    20041209       0.011220
   14593    20041210       0.018128
   14593    20041213      -0.003684
   14593    20041214       0.005854
   14593    20041215      -0.000459
   14593    20041216       0.020472
   14593    20041217      -0.024116
   14593    20041220      -0.034928
   14593    20041221       0.015466
   14593    20041222       0.000942
   14593    20041223       0.004078
   14593    20041227      -0.013279
   14593    20041228       0.016149
   14593    20041229       0.004051
   14593    20041230       0.005587
   14593    20041231      -0.006173
   14593    20050103      -0.017236
   14593    20050104       0.010270
   14593    20050105       0.008758
   14593    20050106       0.000775
   14593    20050107       0.072812
   14593    20050110      -0.004188
   14593    20050111      -0.063805
   14593    20050112       0.013941
   14593    20050113       0.066300
   14593    20050114       0.005731
   14593    20050118       0.006410
   14593    20050119      -0.010899
   14593    20050120       0.008300
   14593    20050121       0.000426
   14593    20050124       0.003830
   14593    20050125       0.018231
   14593    20050126       0.002776
   14593    20050127       0.005398
   14593    20050128       0.018447
   14593    20050131       0.039470
   14593    20050201       0.008192
   14593    20050202       0.027086
   14593    20050203      -0.022856
   14593    20050204       0.013237
   14593    20050207       0.001268
   14593    20050208       0.024829
   14593    20050209      -0.026700
   14593    20050210      -0.004826
   14593    20050211       0.036371
   14593    20050214       0.042113
   14593    20050215       0.044665
   14593    20050216       0.019455
   14593    20050217      -0.025741
   14593    20050218      -0.011388
   14593    20050222      -0.017509
   14593    20050223       0.034471
   14593    20050224       0.007934
   14593    20050225       0.000675
   14593    20050228       0.008203
   14593    20050301      -0.008025
   14593    20050302      -0.008517
   14593    20050303      -0.052832
   14593    20050304       0.024408
   14593    20050307      -0.001402
   14593    20050308      -0.051930
   14593    20050309      -0.029114
   14593    20050310       0.012198
   14593    20050311       0.011047
   14593    20050314       0.001242
   14593    20050315       0.015873
   14593    20050316       0.005371
   14593    20050317       0.025983
   14593    20050318       0.016805
   14593    20050321       0.017225
   14593    20050322      -0.019908
   14593    20050323      -0.006538
   14593    20050324      -0.001175
   14593    20050328       0.000706
   14593    20050329      -0.018340
   14593    20050330       0.025150
   14593    20050331      -0.026402
   14593    20050401      -0.018718
   14593    20050404       0.004891
   14593    20050405       0.019469
   14593    20050406       0.010504
   14593    20050407       0.029057
   14593    20050408       0.004132
   14593    20050411      -0.041610
   14593    20050412       0.017653
   14593    20050413      -0.037975
   14593    20050414      -0.092105
   14593    20050415      -0.051261
   14593    20050418       0.007638
   14593    20050419       0.041269
   14593    20050420      -0.042599
   14593    20050421       0.047029
   14593    20050422      -0.045186
   14593    20050425       0.041690
   14593    20050426      -0.021363
   14593    20050427      -0.006632
   14593    20050428      -0.011405
   14593    20050429       0.014631
   14593    20050502       0.010261
   14593    20050503      -0.006039
   14593    20050504       0.025960
   14593    20050505      -0.012651
   14593    20050506       0.015267
   14593    20050509      -0.007250
   14593    20050510      -0.014877
   14593    20050511      -0.022240
   14593    20050512      -0.041561
   14593    20050513       0.018752
   14593    20050516       0.022433
   14593    20050517      -0.005345
   14593    20050518       0.013575
   14593    20050519       0.047712
   14593    20050520       0.000000
   14593    20050523       0.058855
   14593    20050524      -0.001509
   14593    20050525       0.002015
   14593    20050526       0.024133
   14593    20050527      -0.004418
   14593    20050531      -0.019741
   14593    20050601       0.013599
   14593    20050602      -0.006452
   14593    20050603      -0.044955
   14593    20050606      -0.008368
   14593    20050607      -0.036392
   14593    20050608       0.010399
   14593    20050609       0.019773
   14593    20050610      -0.048871
   14593    20050613       0.002513
   14593    20050614       0.002785
   14593    20050615       0.031389
   14593    20050616       0.022892
   14593    20050617       0.008689
   14593    20050620      -0.018272
   14593    20050621       0.006647
   14593    20050622       0.018225
   14593    20050623       0.008820
   14593    20050624      -0.029056
   14593    20050627      -0.017479
   14593    20050628       0.005660
   14593    20050629      -0.025194
   14593    20050630       0.012098
   14593    20050701      -0.008422
   14593    20050705       0.040548
   14593    20050706      -0.015534
   14593    20050707       0.006419
   14593    20050708       0.016476
   14593    20050711      -0.003922
   14593    20050712       0.003675
   14593    20050713       0.002876
   14593    20050714       0.062582
   14593    20050715       0.019632
   14593    20050718      -0.001444
   14593    20050719       0.040974
   14593    20050720       0.010188
   14593    20050721      -0.007793
   14593    20050722       0.016401
   14593    20050725      -0.004318
   14593    20050726      -0.004109
   14593    20050727       0.008251
   14593    20050728      -0.004319
   14593    20050729      -0.026256
   14593    20050801       0.002345
   14593    20050802       0.010292
   14593    20050803       0.000695
   14593    20050804      -0.011800
   14593    20050805       0.006556
   14593    20050808      -0.007909
   14593    20050809       0.027433
   14593    20050810      -0.010041
   14593    20050811       0.014292
   14593    20050812       0.047727
   14593    20050815       0.034273
   14593    20050816      -0.029992
   14593    20050817       0.019459
   14593    20050818      -0.018028
   14593    20050819      -0.010151
   14593    20050822       0.000873
   14593    20050823      -0.002834
   14593    20050824       0.000656
   14593    20050825       0.006336
   14593    20050826      -0.006947
   14593    20050829       0.002186
   14593    20050830       0.015925
   14593    20050831       0.006871
   14593    20050901      -0.013436
   14593    20050902      -0.000865
   14593    20050906       0.055820
   14593    20050907      -0.002459
   14593    20050908       0.022597
   14593    20050909       0.030735
   14593    20050912       0.001754
   14593    20050913      -0.011284
   14593    20050914      -0.023810
   14593    20050915       0.005241
   14593    20050916       0.026870
   14593    20050919       0.027924
   14593    20050920       0.010448
   14593    20050921      -0.020305
   14593    20050922      -0.004030
   14593    20050923       0.025048
   14593    20050926       0.012030
   14593    20050927      -0.007429
   14593    20050928      -0.044162
   14593    20050929       0.024667
   14593    20050930       0.024264
   14593    20051003       0.015482
   14593    20051004      -0.012674
   14593    20051005      -0.018045
   14593    20051006      -0.020464
   14593    20051007      -0.007737
   14593    20051010      -0.018129
   14593    20051011       0.024221
   14593    20051012      -0.045358
   14593    20051013       0.091168
   14593    20051014       0.004838
   14593    20051017      -0.010370
   14593    20051018      -0.023016
   14593    20051019       0.052289
   14593    20051020       0.021842
   14593    20051021      -0.008550
   14593    20051024       0.020302
   14593    20051025      -0.012150
   14593    20051026       0.016578
   14593    20051027      -0.028406
   14593    20051028      -0.016964
   14593    20051031       0.057279
   14593    20051101      -0.001563
   14593    20051102       0.042609
   14593    20051103       0.031691
   14593    20051104      -0.011316
   14593    20051107      -0.015045
   14593    20051108      -0.005479
   14593    20051109       0.003506
   14593    20051110       0.017801
   14593    20051111       0.005884
   14593    20051114      -0.001462
   14593    20051115       0.013507
   14593    20051116       0.042871
   14593    20051117      -0.006620
   14593    20051118       0.000620
   14593    20051121       0.006196
   14593    20051122       0.024015
   14593    20051123       0.008870
   14593    20051125       0.033229
   14593    20051128       0.004615
   14593    20051129      -0.022395
   14593    20051130      -0.004112
   14593    20051201       0.055737
   14593    20051202       0.014384
   14593    20051205      -0.011152
   14593    20051206       0.031050
   14593    20051207      -0.001351
   14593    20051208       0.001758
   14593    20051209       0.003381
   14593    20051212       0.007796
   14593    20051213       0.000934
   14593    20051214      -0.039611
   14593    20051215       0.002361
   14593    20051216      -0.014824
   14593    20051219       0.003797
   14593    20051220       0.010227
   14593    20051221       0.019276
   14593    20051222       0.007075
   14593    20051223      -0.009052
   14593    20051227       0.011997
   14593    20051228      -0.008891
   14593    20051229      -0.028816
   14593    20051230       0.006158
   14593    20060103       0.039783
   14593    20060104       0.002943
   14593    20060105      -0.007870
   14593    20060106       0.025813
   14593    20060109      -0.003277
   14593    20060110       0.063248
   14593    20060111       0.037596
   14593    20060112       0.004660
   14593    20060113       0.015410
   14593    20060117      -0.010279
   14593    20060118      -0.026207
   14593    20060119      -0.041885
   14593    20060120      -0.037275
   14593    20060123       0.020778
   14593    20060124      -0.020986
   14593    20060125      -0.024198
   14593    20060126      -0.025202
   14593    20060127      -0.004148
   14593    20060130       0.041233
   14593    20060131       0.006800
   14593    20060201      -0.001192
   14593    20060202      -0.044020
   14593    20060203      -0.003509
   14593    20060206      -0.063287
   14593    20060207       0.004458
   14593    20060208       0.017899
   14593    20060209      -0.056097
   14593    20060210       0.036336
   14593    20060213      -0.038627
   14593    20060214       0.045356
   14593    20060215       0.023283
   14593    20060216       0.019503
   14593    20060217      -0.003968
   14593    20060221      -0.017214
   14593    20060222       0.032426
   14593    20060223       0.006029
   14593    20060224      -0.004042
   14593    20060227      -0.006577
   14593    20060228      -0.035216
   14593    20060301       0.008906
   14593    20060302       0.007381
   14593    20060303      -0.027151
   14593    20060306      -0.033077
   14593    20060307       0.012676
   14593    20060308      -0.009802
   14593    20060309      -0.026348
   14593    20060310      -0.011575
   14593    20060313       0.039405
   14593    20060314       0.024970
   14593    20060315      -0.016191
   14593    20060316      -0.028990
   14593    20060317       0.005442
   14593    20060320      -0.010362
   14593    20060321      -0.034068
   14593    20060322      -0.002265
   14593    20060323      -0.024485
   14593    20060324      -0.003324
   14593    20060327      -0.007505
   14593    20060328      -0.013443
   14593    20060329       0.061659
   14593    20060330       0.006738
   14593    20060331      -0.000478
   14593    20060403      -0.001116
   14593    20060404      -0.023623
   14593    20060405       0.098741
   14593    20060406       0.059961
   14593    20060407      -0.020354
   14593    20060410      -0.016048
   14593    20060411      -0.009902
   14593    20060412      -0.018826
   14593    20060413      -0.003613
   14593    20060417      -0.024944
   14593    20060418       0.021740
   14593    20060419      -0.008608
   14593    20060420       0.030160
   14593    20060421      -0.008724
   14593    20060424      -0.019242
   14593    20060425       0.006388
   14593    20060426       0.029923
   14593    20060427       0.017755
   14593    20060428       0.014850
   14593    20060501      -0.011223
   14593    20060502       0.029023
   14593    20060503      -0.006702
   14593    20060504      -0.000141
   14593    20060505       0.010685
   14593    20060508       0.000000
   14593    20060509      -0.011963
   14593    20060510      -0.006054
   14593    20060511      -0.034703
   14593    20060512      -0.006603
   14593    20060515       0.001329
   14593    20060516      -0.041452
   14593    20060517       0.004309
   14593    20060518      -0.031873
   14593    20060519       0.021051
   14593    20060522      -0.017517
   14593    20060523      -0.003629
   14593    20060524       0.003009
   14593    20060525       0.015630
   14593    20060526      -0.012141
   14593    20060530      -0.036649
   14593    20060531      -0.023685
   14593    20060601       0.040154
   14593    20060602      -0.008203
   14593    20060605      -0.026922
   14593    20060606      -0.004617
   14593    20060607      -0.019390
   14593    20060608       0.037480
   14593    20060609      -0.025016
   14593    20060612      -0.037812
   14593    20060613       0.023333
   14593    20060614      -0.012344
   14593    20060615       0.030724
   14593    20060616      -0.030650
   14593    20060619      -0.006254
   14593    20060620       0.004720
   14593    20060621       0.006786
   14593    20060622       0.029727
   14593    20060623      -0.012588
   14593    20060626       0.002720
   14593    20060627      -0.026445
   14593    20060628      -0.024552
   14593    20060629       0.052660
   14593    20060630      -0.028828
   14593    20060703       0.011874
   14593    20060705      -0.016368
   14593    20060706      -0.021605
   14593    20060707      -0.006634
   14593    20060710      -0.007220
   14593    20060711       0.011818
   14593    20060712      -0.048338
   14593    20060713      -0.013406
   14593    20060714      -0.030239
   14593    20060717       0.033550
   14593    20060718       0.010120
   14593    20060719       0.022684
   14593    20060720       0.118299
   14593    20060721       0.003636
   14593    20060724       0.011528
   14593    20060725       0.008271
   14593    20060726       0.031359
   14593    20060727      -0.007359
   14593    20060728       0.034543
   14593    20060731       0.036134
   14593    20060801      -0.011477
   14593    20060802       0.014588
   14593    20060803       0.020980
   14593    20060804      -0.018537
   14593    20060807      -0.015959
   14593    20060808      -0.036155
   14593    20060809      -0.018370
   14593    20060810       0.007548
   14593    20060811      -0.006555
   14593    20060814       0.004556
   14593    20060815       0.039256
   14593    20060816       0.023025
   14593    20060817      -0.005737
   14593    20060818       0.004735
   14593    20060821      -0.019879
   14593    20060822       0.015926
   14593    20060823      -0.004585
   14593    20060824       0.007428
   14593    20060825       0.013862
   14593    20060828      -0.025745
   14593    20060829      -0.007465
   14593    20060830       0.007220
   14593    20060831       0.013292
   14593    20060901       0.007811
   14593    20060905       0.045335
   14593    20060906      -0.020285
   14593    20060907       0.039555
   14593    20060908      -0.003846
   14593    20060911      -0.000276
   14593    20060912       0.001793
   14593    20060913       0.021616
   14593    20060914      -0.000404
   14593    20060915      -0.000944
   14593    20060918      -0.002834
   14593    20060919      -0.001624
   14593    20060920       0.020198
   14593    20060921      -0.008105
   14593    20060922      -0.022103
   14593    20060925       0.037671
   14593    20060926       0.024554
   14593    20060927      -0.015462
   14593    20060928       0.007852
   14593    20060929      -0.000390
   14593    20061002      -0.027540
   14593    20061003      -0.010419
   14593    20061004       0.017549
   14593    20061005      -0.007296
   14593    20061006      -0.008152
   14593    20061009       0.005524
   14593    20061010      -0.010988
   14593    20061011      -0.007858
   14593    20061012       0.027721
   14593    20061013      -0.003189
   14593    20061016       0.005065
   14593    20061017      -0.014721
   14593    20061018       0.003231
   14593    20061019       0.059842
   14593    20061020       0.012153
   14593    20061023       0.018887
   14593    20061024      -0.005033
   14593    20061025       0.007773
   14593    20061026       0.006244
   14593    20061027      -0.021657
   14593    20061030       0.000124
   14593    20061031       0.008207
   14593    20061101      -0.023680
   14593    20061102      -0.002274
   14593    20061103      -0.008736
   14593    20061106       0.018138
   14593    20061107       0.010036
   14593    20061108       0.024096
   14593    20061109       0.010794
   14593    20061110      -0.002640
   14593    20061113       0.014798
   14593    20061114       0.007706
   14593    20061115      -0.011176
   14593    20061116       0.018560
   14593    20061117       0.002803
   14593    20061120       0.007222
   14593    20061121       0.024633
   14593    20061122       0.019300
   14593    20061124       0.014616
   14593    20061127      -0.022809
   14593    20061128       0.025352
   14593    20061129      -0.000109
   14593    20061130      -0.001525
   14593    20061201      -0.003709
   14593    20061204      -0.002190
   14593    20061205       0.001646
   14593    20061206      -0.015777
   14593    20061207      -0.031059
   14593    20061208       0.014017
   14593    20061211       0.005552
   14593    20061212      -0.029408
   14593    20061213       0.033782
   14593    20061214      -0.005615
   14593    20061215      -0.009373
   14593    20061218      -0.025650
   14593    20061219       0.009828
   14593    20061220      -0.017958
   14593    20061221      -0.021944
   14593    20061222      -0.008444
   14593    20061226      -0.008394
   14593    20061227       0.000123
   14593    20061228      -0.007973
   14593    20061229       0.049091
   14593    20070103      -0.012258
   14593    20070104       0.022196
   14593    20070105      -0.007121
   14593    20070108       0.004938
   14593    20070109       0.083070
   14593    20070110       0.047856
   14593    20070111      -0.012371
   14593    20070112      -0.012317
   14593    20070116       0.026210
   14593    20070117      -0.022142
   14593    20070118      -0.061927
   14593    20070119      -0.006399
   14593    20070122      -0.019322
   14593    20070123      -0.012559
   14593    20070124       0.011669
   14593    20070125      -0.005190
   14593    20070126      -0.010087
   14593    20070129       0.006559
   14593    20070130      -0.004538
   14593    20070131       0.002104
   14593    20070201      -0.011548
   14593    20070202       0.000118
   14593    20070205      -0.009557
   14593    20070206       0.002502
   14593    20070207       0.023767
   14593    20070208       0.000348
   14593    20070209      -0.033767
   14593    20070212       0.019335
   14593    20070213      -0.002945
   14593    20070214       0.007917
   14593    20070215      -0.001055
   14593    20070216      -0.004460
   14593    20070220       0.012613
   14593    20070221       0.038417
   14593    20070222       0.003475
   14593    20070223      -0.004916
   14593    20070226      -0.004715
   14593    20070227      -0.053243
   14593    20070228       0.008102
   14593    20070301       0.028956
   14593    20070302      -0.018952
   14593    20070305       0.010653
   14593    20070306       0.021665
   14593    20070307      -0.005329
   14593    20070308       0.003192
   14593    20070309      -0.000341
   14593    20070312       0.021598
   14593    20070313      -0.016357
   14593    20070314       0.018100
   14593    20070315      -0.004778
   14593    20070316       0.000223
   14593    20070319       0.017189
   14593    20070320       0.003841
   14593    20070321       0.026126
   14593    20070322       0.000959
   14593    20070323      -0.004683
   14593    20070326       0.024914
   14593    20070327      -0.004069
   14593    20070328      -0.023256
   14593    20070329       0.005470
   14593    20070330      -0.008960
   14593    20070402       0.007965
   14593    20070403       0.009076
   14593    20070404      -0.002434
   14593    20070405       0.004349
   14593    20070409      -0.010879
   14593    20070410       0.006407
   14593    20070411      -0.017613
   14593    20070412      -0.004320
   14593    20070413      -0.021152
   14593    20070416       0.013187
   14593    20070417      -0.011812
   14593    20070418       0.000553
   14593    20070419      -0.001438
   14593    20070420       0.007755
   14593    20070423       0.027921
   14593    20070424      -0.002887
   14593    20070425       0.022608
   14593    20070426       0.036624
   14593    20070427       0.010927
   14593    20070430      -0.001201
   14593    20070501      -0.003307
   14593    20070502       0.009249
   14593    20070503       0.000100
   14593    20070504       0.004084
   14593    20070507       0.030850
   14593    20070508       0.010970
   14593    20070509       0.017323
   14593    20070510       0.004304
   14593    20070511       0.013043
   14593    20070514       0.005702
   14593    20070515      -0.016825
   14593    20070516      -0.001674
   14593    20070517       0.019564
   14593    20070518       0.005300
   14593    20070521       0.017815
   14593    20070522       0.013931
   14593    20070523      -0.005725
   14593    20070524      -0.019488
   14593    20070525       0.026470
   14593    20070529       0.006425
   14593    20070530       0.038653
   14593    20070531       0.020384
   14593    20070601      -0.023030
   14593    20070604       0.024747
   14593    20070605       0.011044
   14593    20070606       0.007907
   14593    20070607       0.003470
   14593    20070608       0.003393
   14593    20070611      -0.034541
   14593    20070612       0.001581
   14593    20070613      -0.023924
   14593    20070614       0.010638
   14593    20070615       0.014737
   14593    20070618       0.038091
   14593    20070619      -0.011432
   14593    20070620      -0.017063
   14593    20070621       0.019334
   14593    20070622      -0.007264
   14593    20070625      -0.005366
   14593    20070626      -0.021988
   14593    20070627       0.018721
   14593    20070628      -0.010911
   14593    20070629       0.012276
   14593    20070702      -0.006391
   14593    20070703       0.048738
   14593    20070705       0.043878
   14593    20070706      -0.003390
   14593    20070709      -0.014890
   14593    20070710       0.015498
   14593    20070711       0.000302
   14593    20070712       0.012689
   14593    20070713       0.027300
   14593    20070716       0.002686
   14593    20070717       0.005865
   14593    20070718      -0.005686
   14593    20070719       0.013611
   14593    20070720       0.026786
   14593    20070723      -0.000348
   14593    20070724      -0.061309
   14593    20070725       0.017571
   14593    20070726       0.063675
   14593    20070727      -0.014726
   14593    20070730      -0.016823
   14593    20070731      -0.068373
   14593    20070801       0.024590
   14593    20070802       0.011037
   14593    20070803      -0.033996
   14593    20070806       0.025788
   14593    20070807      -0.001626
   14593    20070808      -0.007555
   14593    20070809      -0.056861
   14593    20070810      -0.010998
   14593    20070813       0.022320
   14593    20070814      -0.029423
   14593    20070815      -0.033298
   14593    20070816      -0.023770
   14593    20070817       0.042802
   14593    20070820       0.001311
   14593    20070821       0.043774
   14593    20070822       0.038724
   14593    20070823      -0.010867
   14593    20070824       0.032273
   14593    20070827      -0.022543
   14593    20070828      -0.041059
   14593    20070829       0.057247
   14593    20070830       0.016184
   14593    20070831       0.016367
   14593    20070904       0.041017
   14593    20070905      -0.051332
   14593    20070906      -0.012796
   14593    20070907      -0.023998
   14593    20070910       0.037490
   14593    20070911      -0.008924
   14593    20070912       0.010038
   14593    20070913       0.002557
   14593    20070914       0.011735
   14593    20070917      -0.002882
   14593    20070918       0.018134
   14593    20070919      -0.001065
   14593    20070920      -0.003267
   14593    20070921       0.027368
   14593    20070924       0.028651
   14593    20070925       0.033046
   14593    20070926      -0.002677
   14593    20070927       0.011324
   14593    20070928      -0.006667
   14593    20071001       0.018694
   14593    20071002       0.013503
   14593    20071003      -0.003344
   14593    20071004      -0.010639
   14593    20071005       0.033345
   14593    20071008       0.040013
   14593    20071009      -0.000298
   14593    20071010      -0.006374
   14593    20071011      -0.027340
   14593    20071012       0.030967
   14593    20071015      -0.001636
   14593    20071016       0.015571
   14593    20071017       0.018693
   14593    20071018       0.004342
   14593    20071019      -0.017752
   14593    20071022       0.023119
   14593    20071023       0.067676
   14593    20071024      -0.001236
   14593    20071025      -0.016942
   14593    20071026       0.010504
   14593    20071029       0.002112
   14593    20071030       0.010319
   14593    20071031       0.015775
   14593    20071101      -0.013214
   14593    20071102       0.002294
   14593    20071105      -0.008996
   14593    20071106       0.030132
   14593    20071107      -0.028626
   14593    20071108      -0.058151
   14593    20071109      -0.057540
   14593    20071112      -0.070206
   14593    20071113       0.105359
   14593    20071114      -0.022652
   14593    20071115      -0.010896
   14593    20071116       0.012721
   14593    20071119      -0.014664
   14593    20071120       0.029887
   14593    20071121      -0.002310
   14593    20071123       0.018283
   14593    20071126       0.005841
   14593    20071127       0.013145
   14593    20071128       0.030948
   14593    20071129       0.022583
   14593    20071130      -0.011232
   14593    20071203      -0.018439
   14593    20071204       0.005311
   14593    20071205       0.031645
   14593    20071206       0.024004
   14593    20071207       0.022886
   14593    20071210      -0.000463
   14593    20071211      -0.029193
   14593    20071212       0.012303
   14593    20071213       0.005082
   14593    20071214      -0.007507
   14593    20071217      -0.031462
   14593    20071218      -0.007701
   14593    20071219       0.000765
   14593    20071220       0.022335
   14593    20071221       0.035789
   14593    20071224       0.025218
   14593    20071226       0.000754
   14593    20071227      -0.001910
   14593    20071228       0.006345
   14593    20071231      -0.008757
   14593    20080102      -0.016357
   14593    20080103       0.000462
   14593    20080104      -0.076335
   14593    20080107      -0.013385
   14593    20080108      -0.035972
   14593    20080109       0.047591
   14593    20080110      -0.007692
   14593    20080111      -0.029940
   14593    20080114       0.035265
   14593    20080115      -0.054480
   14593    20080116      -0.055608
   14593    20080117       0.007830
   14593    20080118       0.002921
   14593    20080122      -0.035449
   14593    20080123      -0.106451
   14593    20080124      -0.024965
   14593    20080125      -0.041224
   14593    20080128       0.000000
   14593    20080129       0.011768
   14593    20080130       0.004865
   14593    20080131       0.024058
   14593    20080201      -0.011894
   14593    20080204      -0.015701
   14593    20080205      -0.017395
   14593    20080206      -0.056895
   14593    20080207      -0.006230
   14593    20080208       0.034972
   14593    20080211       0.031638
   14593    20080212      -0.035458
   14593    20080213       0.036361
   14593    20080214      -0.014992
   14593    20080215      -0.022203
   14593    20080219      -0.019658
   14593    20080220       0.013423
   14593    20080221      -0.018414
   14593    20080222      -0.017114
   14593    20080225       0.002344
   14593    20080226      -0.004927
   14593    20080227       0.031976
   14593    20080228       0.056522
   14593    20080229      -0.037641
   14593    20080303      -0.026316
   14593    20080304       0.023741
   14593    20080305      -0.001044
   14593    20080306      -0.028596
   14593    20080307       0.010915
   14593    20080310      -0.020941
   14593    20080311       0.063999
   14593    20080312      -0.010366
   14593    20080313       0.015155
   14593    20080314      -0.010396
   14593    20080317       0.000948
   14593    20080318       0.048055
   14593    20080319      -0.023716
   14593    20080320       0.027763
   14593    20080324       0.046972
   14593    20080325       0.010392
   14593    20080326       0.028940
   14593    20080327      -0.033159
   14593    20080328       0.019679
   14593    20080331       0.003426
   14593    20080401       0.042022
   14593    20080402      -0.013643
   14593    20080403       0.027934
   14593    20080404       0.009696
   14593    20080407       0.018356
   14593    20080408      -0.019565
   14593    20080409      -0.009160
   14593    20080410       0.020536
   14593    20080411      -0.047946
   14593    20080414       0.004350
   14593    20080415       0.004060
   14593    20080416       0.035854
   14593    20080417       0.005140
   14593    20080418       0.042397
   14593    20080421       0.044213
   14593    20080422      -0.047336
   14593    20080423       0.016792
   14593    20080424       0.037142
   14593    20080425       0.004676
   14593    20080428       0.014788
   14593    20080429       0.016314
   14593    20080430      -0.006284
   14593    20080501       0.034780
   14593    20080502       0.005222
   14593    20080505       0.020946
   14593    20080506       0.010448
   14593    20080507      -0.021804
   14593    20080508       0.013528
   14593    20080509      -0.008700
   14593    20080512       0.025675
   14593    20080513       0.009566
   14593    20080514      -0.019478
   14593    20080515       0.018630
   14593    20080516      -0.011121
   14593    20080519      -0.021427
   14593    20080520       0.012527
   14593    20080521      -0.041474
   14593    20080522      -0.006398
   14593    20080523       0.023270
   14593    20080527       0.029033
   14593    20080528       0.003111
   14593    20080529      -0.001711
   14593    20080530       0.011034
   14593    20080602      -0.014040
   14593    20080603      -0.003923
   14593    20080604      -0.000971
   14593    20080605       0.022895
   14593    20080606      -0.020007
   14593    20080609      -0.021709
   14593    20080610       0.022190
   14593    20080611      -0.026018
   14593    20080612      -0.041757
   14593    20080613      -0.005137
   14593    20080616       0.025933
   14593    20080617       0.025956
   14593    20080618      -0.014771
   14593    20080619       0.012028
   14593    20080620      -0.031122
   14593    20080623      -0.012039
   14593    20080624       0.000520
   14593    20080625       0.023896
   14593    20080626      -0.051469
   14593    20080627       0.010876
   14593    20080630      -0.015580
   14593    20080701       0.043239
   14593    20080702      -0.037211
   14593    20080703       0.011535
   14593    20080707       0.029626
   14593    20080708       0.025063
   14593    20080709      -0.029518
   14593    20080710       0.013659
   14593    20080711      -0.022929
   14593    20080714       0.007533
   14593    20080715      -0.024385
   14593    20080716       0.018687
   14593    20080717      -0.005787
   14593    20080718      -0.038764
   14593    20080721       0.006903
   14593    20080722      -0.025678
   14593    20080723       0.026170
   14593    20080724      -0.043486
   14593    20080725       0.019430
   14593    20080728      -0.047619
   14593    20080729       0.017358
   14593    20080730       0.017825
   14593    20080731      -0.005817
   14593    20080801      -0.014407
   14593    20080804      -0.021895
   14593    20080805       0.048359
   14593    20080806       0.022099
   14593    20080807      -0.003776
   14593    20080808       0.036559
   14593    20080811       0.023651
   14593    20080812       0.018265
   14593    20080813       0.014542
   14593    20080814       0.000112
   14593    20080815      -0.019964
   14593    20080818      -0.001992
   14593    20080819      -0.010605
   14593    20080820       0.013312
   14593    20080821      -0.008815
   14593    20080822       0.014344
   14593    20080825      -0.023983
   14593    20080826       0.006317
   14593    20080827       0.005932
   14593    20080828      -0.005324
   14593    20080829      -0.024232
   14593    20080902      -0.019702
   14593    20080903       0.004633
   14593    20080904      -0.034380
   14593    20080905      -0.006451
   14593    20080908      -0.014109
   14593    20080909      -0.039514
   14593    20080910      -0.000461
   14593    20080911       0.006860
   14593    20080912      -0.024304
   14593    20080915      -0.057607
   14593    20080916      -0.003420
   14593    20080917      -0.086145
   14593    20080918       0.048971
   14593    20080919       0.050861
   14593    20080922      -0.069974
   14593    20080923      -0.032125
   14593    20080924       0.014743
   14593    20080925       0.025017
   14593    20080926      -0.027969
   14593    20080929      -0.179195
   14593    20080930       0.079802
   14593    20081001      -0.039944
   14593    20081002      -0.082661
   14593    20081003      -0.030270
   14593    20081006       0.011023
   14593    20081007      -0.091502
   14593    20081008       0.007066
   14593    20081009      -0.011694
   14593    20081010       0.090827
   14593    20081013       0.139050
   14593    20081014      -0.056049
   14593    20081015      -0.058897
   14593    20081016       0.040225
   14593    20081017      -0.044067
   14593    20081020       0.010678
   14593    20081021      -0.070601
   14593    20081022       0.058804
   14593    20081023       0.014039
   14593    20081024      -0.018833
   14593    20081027      -0.044511
   14593    20081028       0.084917
   14593    20081029       0.046442
   14593    20081030       0.062076
   14593    20081031      -0.031070
   14593    20081103      -0.005856
   14593    20081104       0.037678
   14593    20081105      -0.069285
   14593    20081106      -0.040658
   14593    20081107      -0.008678
   14593    20081110      -0.024023
   14593    20081111      -0.011577
   14593    20081112      -0.049066
   14593    20081113       0.070129
   14593    20081114      -0.064289
   14593    20081117      -0.023271
   14593    20081118       0.020082
   14593    20081119      -0.040263
   14593    20081120      -0.067215
   14593    20081121       0.025966
   14593    20081124       0.125575
   14593    20081125      -0.023131
   14593    20081126       0.046255
   14593    20081128      -0.024526
   14593    20081201      -0.040358
   14593    20081202       0.039807
   14593    20081203       0.037093
   14593    20081204      -0.046820
   14593    20081205       0.028334
   14593    20081208       0.060851
   14593    20081209       0.003410
   14593    20081210      -0.018489
   14593    20081211      -0.032685
   14593    20081212       0.034421
   14593    20081215      -0.035820
   14593    20081216       0.007177
   14593    20081217      -0.065703
   14593    20081218       0.003028
   14593    20081219       0.006374
   14593    20081222      -0.047333
   14593    20081223       0.007464
   14593    20081224      -0.015513
   14593    20081226       0.009055
   14593    20081229       0.009323
   14593    20081230      -0.003695
   14593    20081231      -0.010894
   14593    20090102       0.063269
   14593    20090105       0.042204
   14593    20090106      -0.016494
   14593    20090107      -0.021608
   14593    20090108       0.018569
   14593    20090109      -0.022869
   14593    20090112      -0.021197
   14593    20090113      -0.010715
   14593    20090114      -0.027135
   14593    20090115      -0.022853
   14593    20090116      -0.012593
   14593    20090120      -0.050164
   14593    20090121       0.059207
   14593    20090122       0.066763
   14593    20090123       0.000000
   14593    20090126       0.014486
   14593    20090127       0.012160
   14593    20090128       0.038245
   14593    20090129      -0.012739
   14593    20090130      -0.030860
   14593    20090202       0.015311
   14593    20090203       0.016064
   14593    20090204       0.006130
   14593    20090205       0.031106
   14593    20090206       0.033796
   14593    20090209       0.027978
   14593    20090210      -0.045654
   14593    20090211      -0.010324
   14593    20090212       0.025305
   14593    20090213      -0.001108
   14593    20090217      -0.046692
   14593    20090218      -0.001693
   14593    20090219      -0.039525
   14593    20090220       0.006178
   14593    20090223      -0.046601
   14593    20090224       0.037953
   14593    20090225       0.010083
   14593    20090226      -0.021610
   14593    20090227       0.001345
   14593    20090302      -0.015340
   14593    20090303       0.004890
   14593    20090304       0.031685
   14593    20090305      -0.025557
   14593    20090306      -0.039847
   14593    20090309      -0.025674
   14593    20090310       0.066388
   14593    20090311       0.045725
   14593    20090312       0.039599
   14593    20090313      -0.004359
   14593    20090316      -0.005316
   14593    20090317       0.044435
   14593    20090318       0.018663
   14593    20090319       0.000985
   14593    20090320      -0.000295
   14593    20090323       0.059750
   14593    20090324      -0.010765
   14593    20090325      -0.000103
   14593    20090326       0.031740
   14593    20090327      -0.027487
   14593    20090330      -0.022087
   14593    20090331       0.006029
   14593    20090401       0.033961
   14593    20090402       0.036986
   14593    20090403       0.029101
   14593    20090406       0.021209
   14593    20090407      -0.029126
   14593    20090408       0.011478
   14593    20090409       0.027940
   14593    20090413       0.005436
   14593    20090414      -0.015888
   14593    20090415      -0.005663
   14593    20090416       0.032387
   14593    20090417       0.016221
   14593    20090420      -0.023659
   14593    20090421       0.010456
   14593    20090422      -0.002053
   14593    20090423       0.032014
   14593    20090424      -0.011962
   14593    20090427       0.006699
   14593    20090428      -0.006638
   14593    20090429       0.009992
   14593    20090430       0.005514
   14593    20090501       0.011206
   14593    20090504       0.037960
   14593    20090505       0.004846
   14593    20090506      -0.001582
   14593    20090507      -0.025962
   14593    20090508       0.001007
   14593    20090511       0.002941
   14593    20090512      -0.039747
   14593    20090513      -0.039624
   14593    20090514       0.028956
   14593    20090515      -0.004311
   14593    20090518       0.034553
   14593    20090519       0.006317
   14593    20090520      -0.012397
   14593    20090521      -0.013427
   14593    20090522      -0.013529
   14593    20090526       0.067592
   14593    20090527       0.017357
   14593    20090528       0.015182
   14593    20090529       0.005479
   14593    20090601       0.026066
   14593    20090602       0.001005
   14593    20090603       0.010467
   14593    20090604       0.019794
   14593    20090605       0.006470
   14593    20090608      -0.005668
   14593    20090609      -0.007855
   14593    20090610      -0.017307
   14593    20090611      -0.002139
   14593    20090612      -0.021293
   14593    20090615      -0.006425
   14593    20090616       0.001911
   14593    20090617      -0.005647
   14593    20090618       0.002213
   14593    20090619       0.026494
   14593    20090622      -0.015128
   14593    20090623      -0.024459
   14593    20090624       0.016491
   14593    20090625       0.026721
   14593    20090626       0.018447
   14593    20090629      -0.003300
   14593    20090630       0.003240
   14593    20090701       0.002808
   14593    20090702      -0.019674
   14593    20090706      -0.010070
   14593    20090707      -0.023159
   14593    20090708       0.013442
   14593    20090709      -0.006267
   14593    20090710       0.015840
   14593    20090713       0.027577
   14593    20090714      -0.000492
   14593    20090715       0.032403
   14593    20090716       0.004357
   14593    20090717       0.028674
   14593    20090720       0.007638
   14593    20090721      -0.009149
   14593    20090722       0.034519
   14593    20090723       0.006890
   14593    20090724       0.013724
   14593    20090727       0.000713
   14593    20090728      -0.000625
   14593    20090729       0.000187
   14593    20090730       0.017247
   14593    20090731       0.003686
   14593    20090803       0.018606
   14593    20090804      -0.005287
   14593    20090805      -0.002658
   14593    20090806      -0.007268
   14593    20090807       0.009761
   14593    20090810      -0.004773
   14593    20090811      -0.011474
   14593    20090812       0.015231
   14593    20090813       0.018813
   14593    20090814      -0.009738
   14593    20090817      -0.043111
   14593    20090818       0.027633
   14593    20090819       0.003659
   14593    20090820       0.010510
   14593    20090821       0.017375
   14593    20090824      -0.000946
   14593    20090825       0.002011
   14593    20090826      -0.011747
   14593    20090827       0.012186
   14593    20090828       0.003541
   14593    20090831      -0.010820
   14593    20090901      -0.017312
   14593    20090902      -0.000714
   14593    20090903       0.008294
   14593    20090904       0.022576
   14593    20090908       0.015384
   14593    20090909      -0.010351
   14593    20090910       0.008297
   14593    20090911      -0.002318
   14593    20090914       0.009061
   14593    20090915       0.008289
   14593    20090916       0.038308
   14593    20090917       0.014736
   14593    20090918       0.002547
   14593    20090921      -0.005405
   14593    20090922       0.002500
   14593    20090923       0.005529
   14593    20090924      -0.009057
   14593    20090925      -0.007888
   14593    20090928       0.020738
   14593    20090929      -0.004147
   14593    20090930      -0.000162
   14593    20091001      -0.024225
   14593    20091002       0.022338
   14593    20091005       0.006079
   14593    20091006       0.021427
   14593    20091007       0.001263
   14593    20091008      -0.005151
   14593    20091009       0.006340
   14593    20091012       0.001785
   14593    20091013      -0.004140
   14593    20091014       0.006683
   14593    20091015      -0.003816
   14593    20091016      -0.013172
   14593    20091019       0.009625
   14593    20091020       0.046877
   14593    20091021       0.030992
   14593    20091022       0.001366
   14593    20091023      -0.006140
   14593    20091026      -0.007159
   14593    20091027      -0.025237
   14593    20091028      -0.025181
   14593    20091029       0.020530
   14593    20091030      -0.039980
   14593    20091102       0.004297
   14593    20091103      -0.002958
   14593    20091104       0.010914
   14593    20091105       0.016876
   14593    20091106       0.001597
   14593    20091109       0.036637
   14593    20091110       0.007545
   14593    20091111       0.001330
   14593    20091112      -0.006199
   14593    20091113       0.012179
   14593    20091116       0.010663
   14593    20091117       0.001791
   14593    20091118      -0.005024
   14593    20091119      -0.026462
   14593    20091120      -0.002942
   14593    20091123       0.029812
   14593    20091124      -0.006994
   14593    20091125      -0.001223
   14593    20091127      -0.017631
   14593    20091130      -0.003390
   14593    20091201      -0.014707
   14593    20091202      -0.003757
   14593    20091203       0.001274
   14593    20091204      -0.016083
   14593    20091207      -0.022605
   14593    20091208       0.004869
   14593    20091209       0.041765
   14593    20091210      -0.006926
   14593    20091211      -0.008960
   14593    20091214       0.011866
   14593    20091215      -0.014265
   14593    20091216       0.004429
   14593    20091217      -0.016254
   14593    20091218       0.018607
   14593    20091221       0.014327
   14593    20091222       0.010745
   14593    20091223       0.008684
   14593    20091224       0.034339
   14593    20091228       0.012294
   14593    20091229      -0.011861
   14593    20091230       0.012147
   14593    20091231      -0.004290
   14593    20100104       0.015555
   14593    20100105       0.001729
   14593    20100106      -0.015906
   14593    20100107      -0.001849
   14593    20100108       0.006648
   14593    20100111      -0.008822
   14593    20100112      -0.011375
   14593    20100113       0.014105
   14593    20100114      -0.005792
   14593    20100115      -0.016712
   14593    20100119       0.044238
   14593    20100120      -0.015416
   14593    20100121      -0.017254
   14593    20100122      -0.049608
   14593    20100125       0.026928
   14593    20100126       0.014108
   14593    20100127       0.009440
   14593    20100128      -0.041340
   14593    20100129      -0.036264
   14593    20100201       0.013886
   14593    20100202       0.005803
   14593    20100203       0.017206
   14593    20100204      -0.036039
   14593    20100205       0.017756
   14593    20100208      -0.006856
   14593    20100209       0.010664
   14593    20100210      -0.005474
   14593    20100211       0.018215
   14593    20100212       0.008607
   14593    20100216       0.015071
   14593    20100217      -0.004179
   14593    20100218       0.001866
   14593    20100219      -0.006199
   14593    20100222      -0.006218
   14593    20100223      -0.016750
   14593    20100224       0.018253
   14593    20100225       0.006698
   14593    20100226       0.012970
   14593    20100301       0.021357
   14593    20100302      -0.000670
   14593    20100303       0.002298
   14593    20100304       0.006592
   14593    20100305       0.039106
   14593    20100308       0.000594
   14593    20100309       0.017984
   14593    20100310       0.008161
   14593    20100311       0.002935
   14593    20100312       0.004878
   14593    20100315      -0.012180
   14593    20100316       0.002725
   14593    20100317      -0.001470
   14593    20100318       0.002365
   14593    20100319      -0.010684
   14593    20100322       0.011249
   14593    20100323       0.016062
   14593    20100324       0.004423
   14593    20100325      -0.011859
   14593    20100326       0.018751
   14593    20100329       0.006453
   14593    20100330       0.014867
   14593    20100331      -0.003583
   14593    20100401       0.004128
   14593    20100405       0.010679
   14593    20100406       0.004403
   14593    20100407       0.004425
   14593    20100408      -0.002702
   14593    20100409       0.007668
   14593    20100412       0.002068
   14593    20100413       0.000578
   14593    20100414       0.013447
   14593    20100415       0.013147
   14593    20100416      -0.006106
   14593    20100419      -0.001334
   14593    20100420      -0.010038
   14593    20100421       0.059814
   14593    20100422       0.027967
   14593    20100423       0.016364
   14593    20100426      -0.004911
   14593    20100427      -0.027681
   14593    20100428      -0.001679
   14593    20100429       0.026911
   14593    20100430      -0.028105
   14593    20100503       0.020146
   14593    20100504      -0.028797
   14593    20100505      -0.010418
   14593    20100506      -0.038030
   14593    20100507      -0.042193
   14593    20100510       0.076868
   14593    20100511       0.009961
   14593    20100512       0.021714
   14593    20100513      -0.014232
   14593    20100514      -0.017572
   14593    20100517       0.001576
   14593    20100518      -0.007316
   14593    20100519      -0.015930
   14593    20100520      -0.042603
   14593    20100521       0.019179
   14593    20100524       0.018323
   14593    20100525      -0.006241
   14593    20100526      -0.004531
   14593    20100527       0.037856
   14593    20100528       0.013933
   14593    20100601       0.015377
   14593    20100602       0.011962
   14593    20100603      -0.003145
   14593    20100604      -0.027193
   14593    20100607      -0.019632
   14593    20100608      -0.006416
   14593    20100609      -0.024586
   14593    20100610       0.030058
   14593    20100611       0.011976
   14593    20100614       0.003037
   14593    20100615       0.021276
   14593    20100616       0.029112
   14593    20100617       0.017287
   14593    20100618       0.008107
   14593    20100621      -0.014244
   14593    20100622       0.013621
   14593    20100623      -0.010517
   14593    20100624      -0.007270
   14593    20100625      -0.008550
   14593    20100628       0.005999
   14593    20100629      -0.045210
   14593    20100630      -0.018113
   14593    20100701      -0.012126
   14593    20100702      -0.006198
   14593    20100706       0.006844
   14593    20100707       0.040361
   14593    20100708      -0.002223
   14593    20100709       0.005928
   14593    20100712      -0.008994
   14593    20100713      -0.021327
   14593    20100714       0.003689
   14593    20100715      -0.005053
   14593    20100716      -0.006164
   14593    20100719      -0.017287
   14593    20100720       0.025694
   14593    20100721       0.009329
   14593    20100722       0.018817
   14593    20100723       0.003536
   14593    20100726      -0.002539
   14593    20100727       0.018513
   14593    20100728      -0.011815
   14593    20100729      -0.010921
   14593    20100730      -0.003332
   14593    20100802       0.017881
   14593    20100803       0.000305
   14593    20100804       0.004009
   14593    20100805      -0.004867
   14593    20100806      -0.006148
   14593    20100809       0.006379
   14593    20100810      -0.008940
   14593    20100811      -0.035542
   14593    20100812       0.006395
   14593    20100813      -0.010683
   14593    20100816      -0.005861
   14593    20100817       0.017485
   14593    20100818       0.004366
   14593    20100819      -0.012605
   14593    20100820      -0.000960
   14593    20100823      -0.015382
   14593    20100824      -0.023881
   14593    20100825       0.012337
   14593    20100826      -0.010746
   14593    20100827       0.005577
   14593    20100830       0.003642
   14593    20100831       0.002474
   14593    20100901       0.029741
   14593    20100902       0.007350
   14593    20100903       0.026173
   14593    20100907      -0.003710
   14593    20100908       0.019821
   14593    20100909       0.000570
   14593    20100910       0.001292
   14593    20100913       0.013781
   14593    20100914       0.003820
   14593    20100915       0.008058
   14593    20100916       0.023499
   14593    20100917      -0.004339
   14593    20100920       0.028543
   14593    20100921       0.001907
   14593    20100922       0.014025
   14593    20100923       0.004066
   14593    20100924       0.011768
   14593    20100927      -0.003955
   14593    20100928      -0.014782
   14593    20100929       0.001778
   14593    20100930      -0.012597
   14593    20101001      -0.004335
   14593    20101004      -0.013733
   14593    20101005       0.036965
   14593    20101006       0.000865
   14593    20101007       0.000104
   14593    20101008       0.016769
   14593    20101011       0.004387
   14593    20101012       0.010767
   14593    20101013       0.005359
   14593    20101014       0.007230
   14593    20101015       0.041117
   14593    20101018       0.010358
   14593    20101019      -0.026761
   14593    20101020       0.003360
   14593    20101021      -0.003253
   14593    20101022      -0.006623
   14593    20101025       0.004456
   14593    20101026      -0.002558
   14593    20101027      -0.000714
   14593    20101028      -0.008414
   14593    20101029      -0.013956
   14593    20101101       0.010632
   14593    20101102       0.017029
   14593    20101103       0.011120
   14593    20101104       0.017487
   14593    20101105      -0.003582
   14593    20101108       0.004698
   14593    20101109      -0.007972
   14593    20101110       0.006169
   14593    20101111      -0.004323
   14593    20101112      -0.027238
   14593    20101115      -0.003230
   14593    20101116      -0.017734
   14593    20101117      -0.003614
   14593    20101118       0.026389
   14593    20101119      -0.005512
   14593    20101122       0.021615
   14593    20101123      -0.014775
   14593    20101124       0.019645
   14593    20101126       0.003065
   14593    20101129       0.003515
   14593    20101130      -0.018052
   14593    20101201       0.016873
   14593    20101202       0.005531
   14593    20101203      -0.002232
   14593    20101206       0.008537
   14593    20101207      -0.006060
   14593    20101208       0.008799
   14593    20101209      -0.003902
   14593    20101210       0.002510
   14593    20101213       0.003463
   14593    20101214      -0.004290
   14593    20101215       0.000218
   14593    20101216       0.002778
   14593    20101217      -0.001992
   14593    20101220       0.004991
   14593    20101221       0.006192
   14593    20101222       0.002946
   14593    20101223      -0.004798
   14593    20101227       0.003337
   14593    20101228       0.002433
   14593    20101229      -0.000553
   14593    20101230      -0.005011
   14593    20101231      -0.003399
   14593    20110103       0.021732
   14593    20110104       0.005219
   14593    20110105       0.008180
   14593    20110106      -0.000808
   14593    20110107       0.007161
   14593    20110110       0.018847
   14593    20110111      -0.002380
   14593    20110112       0.008137
   14593    20110113       0.003658
   14593    20110114       0.008100
   14593    20110118      -0.022469
   14593    20110119      -0.005313
   14593    20110120      -0.018180
   14593    20110121      -0.017915
   14593    20110124       0.032842
   14593    20110125       0.011705
   14593    20110126       0.007176
   14593    20110127      -0.001861
   14593    20110128      -0.020716
   14593    20110131       0.009580
   14593    20110201       0.016828
   14593    20110202      -0.002058
   14593    20110203      -0.002556
   14593    20110204       0.008910
   14593    20110207       0.015527
   14593    20110208       0.009435
   14593    20110209       0.008333
   14593    20110210      -0.010107
   14593    20110211       0.006515
   14593    20110214       0.006529
   14593    20110215       0.002005
   14593    20110216       0.008975
   14593    20110217      -0.013301
   14593    20110218      -0.021602
   14593    20110222      -0.034088
   14593    20110223       0.011843
   14593    20110224       0.000759
   14593    20110225       0.015399
   14593    20110228       0.014505
   14593    20110301      -0.011042
   14593    20110302       0.008044
   14593    20110303       0.021129
   14593    20110304       0.001224
   14593    20110307      -0.012889
   14593    20110308       0.001126
   14593    20110309      -0.009248
   14593    20110310      -0.016455
   14593    20110311       0.015346
   14593    20110314       0.004460
   14593    20110315      -0.022995
   14593    20110316      -0.044640
   14593    20110317       0.014030
   14593    20110318      -0.011863
   14593    20110321       0.026098
   14593    20110322       0.005600
   14593    20110323      -0.005891
   14593    20110324       0.017041
   14593    20110325       0.019045
   14593    20110328      -0.003129
   14593    20110329       0.001484
   14593    20110330      -0.006639
   14593    20110331      -0.000351
   14593    20110401      -0.011327
   14593    20110404      -0.009781
   14593    20110405      -0.006741
   14593    20110406      -0.002508
   14593    20110407       0.000118
   14593    20110408      -0.008933
   14593    20110411      -0.012714
   14593    20110412       0.004837
   14593    20110413       0.011221
   14593    20110414      -0.011037
   14593    20110415      -0.014921
   14593    20110418       0.013406
   14593    20110419       0.018111
   14593    20110420       0.013467
   14593    20110421       0.024199
   14593    20110425       0.006595
   14593    20110426      -0.007334
   14593    20110427      -0.000771
   14593    20110428      -0.009710
   14593    20110429       0.009748
   14593    20110502      -0.010996
   14593    20110503       0.005545
   14593    20110504       0.003935
   14593    20110505      -0.008067
   14593    20110506      -0.000260
   14593    20110509       0.002712
   14593    20110510       0.005322
   14593    20110511      -0.006353
   14593    20110512      -0.001901
   14593    20110513      -0.017515
   14593    20110516      -0.021145
   14593    20110517       0.008521
   14593    20110518       0.011097
   14593    20110519       0.001942
   14593    20110520      -0.015593
   14593    20110523      -0.002446
   14593    20110524      -0.006609
   14593    20110525       0.013817
   14593    20110526      -0.005285
   14593    20110527       0.007194
   14593    20110531       0.030882
   14593    20110601      -0.006670
   14593    20110602       0.001713
   14593    20110603      -0.007691
   14593    20110606      -0.015723
   14593    20110607      -0.017749
   14593    20110608       0.000602
   14593    20110609      -0.002257
   14593    20110610      -0.016863
   14593    20110613       0.002148
   14593    20110614       0.017881
   14593    20110615      -0.017116
   14593    20110616      -0.004866
   14593    20110617      -0.015069
   14593    20110620      -0.015425
   14593    20110621       0.031650
   14593    20110622      -0.008269
   14593    20110623       0.026720
   14593    20110624      -0.014733
   14593    20110627       0.017435
   14593    20110628       0.009698
   14593    20110629      -0.003639
   14593    20110630       0.004880
   14593    20110701       0.022611
   14593    20110705       0.017975
   14593    20110706       0.006668
   14593    20110707       0.015465
   14593    20110708       0.007027
   14593    20110711      -0.015874
   14593    20110712      -0.000706
   14593    20110713       0.012071
   14593    20110714      -0.000698
   14593    20110715       0.019985
   14593    20110718       0.024334
   14593    20110719       0.008159
   14593    20110720       0.026668
   14593    20110721       0.001008
   14593    20110722       0.015518
   14593    20110725       0.013221
   14593    20110726       0.012321
   14593    20110727      -0.026821
   14593    20110728      -0.001961
   14593    20110729      -0.003420
   14593    20110801       0.016057
   14593    20110802      -0.019761
   14593    20110803       0.009411
   14593    20110804      -0.038719
   14593    20110805      -0.009937
   14593    20110808      -0.054628
   14593    20110809       0.058889
   14593    20110810      -0.027593
   14593    20110811       0.027523
   14593    20110812       0.008804
   14593    20110815       0.017030
   14593    20110816      -0.007642
   14593    20110817      -0.000105
   14593    20110818      -0.037825
   14593    20110819      -0.027373
   14593    20110822       0.001152
   14593    20110823       0.048143
   14593    20110824       0.006906
   14593    20110825      -0.006539
   14593    20110826       0.026383
   14593    20110829       0.016659
   14593    20110830       0.000051
   14593    20110831      -0.013231
   14593    20110901      -0.009874
   14593    20110902      -0.018319
   14593    20110906       0.015212
   14593    20110907       0.011034
   14593    20110908       0.000547
   14593    20110909      -0.017337
   14593    20110912       0.006517
   14593    20110913       0.012318
   14593    20110914       0.012168
   14593    20110915       0.009401
   14593    20110916       0.019188
   14593    20110919       0.027790
   14593    20110920       0.004421
   14593    20110921      -0.003168
   14593    20110922      -0.025040
   14593    20110923       0.006172
   14593    20110926      -0.002795
   14593    20110927      -0.009698
   14593    20110928      -0.005635
   14593    20110929      -0.016221
   14593    20110930      -0.023683
   14593    20111003      -0.017623
   14593    20111004      -0.005606
   14593    20111005       0.015436
   14593    20111006      -0.002327
   14593    20111007      -0.020060
   14593    20111010       0.051406
   14593    20111011       0.029526
   14593    20111012       0.004747
   14593    20111013       0.015515
   14593    20111014       0.033225
   14593    20111017      -0.004763
   14593    20111018       0.005357
   14593    20111019      -0.055940
   14593    20111020      -0.008304
   14593    20111021      -0.006172
   14593    20111024       0.032835
   14593    20111025      -0.019716
   14593    20111026       0.007115
   14593    20111027       0.010210
   14593    20111028       0.000642
   14593    20111031      -0.000420
   14593    20111101      -0.020431
   14593    20111102       0.002270
   14593    20111103       0.014242
   14593    20111104      -0.007021
   14593    20111107      -0.001274
   14593    20111108       0.016261
   14593    20111109      -0.026955
   14593    20111110      -0.025450
   14593    20111111      -0.001558
   14593    20111114      -0.013936
   14593    20111115       0.025233
   14593    20111116      -0.010442
   14593    20111117      -0.019128
   14593    20111118      -0.006545
   14593    20111121      -0.015816
   14593    20111122       0.020325
   14593    20111123      -0.025285
   14593    20111125      -0.009319
   14593    20111128       0.034519
   14593    20111129      -0.007763
   14593    20111130       0.024116
   14593    20111201       0.014992
   14593    20111202       0.004563
   14593    20111205       0.008494
   14593    20111206      -0.005242
   14593    20111207      -0.004758
   14593    20111208       0.004035
   14593    20111209       0.007577
   14593    20111212      -0.004522
   14593    20111213      -0.007733
   14593    20111214      -0.022170
   14593    20111215      -0.003288
   14593    20111216       0.005489
   14593    20111219       0.003123
   14593    20111220       0.035949
   14593    20111221       0.001250
   14593    20111222       0.005310
   14593    20111223       0.011993
   14593    20111227       0.007934
   14593    20111228      -0.009569
   14593    20111229       0.006159
   14593    20111230      -0.000296
   14593    20120103       0.015383
   14593    20120104       0.005374
   14593    20120105       0.011102
   14593    20120106       0.010454
   14593    20120109      -0.001586
   14593    20120110       0.003580
   14593    20120111      -0.001630
   14593    20120112      -0.002745
   14593    20120113      -0.003750
   14593    20120117       0.011648
   14593    20120118       0.010384
   14593    20120119      -0.003169
   14593    20120120      -0.017417
   14593    20120123       0.016914
   14593    20120124      -0.016375
   14593    20120125       0.062439
   14593    20120126      -0.004545
   14593    20120127       0.005960
   14593    20120130       0.012811
   14593    20120131       0.007660
   14593    20120201      -0.000635
   14593    20120202      -0.002346
   14593    20120203       0.010019
   14593    20120206       0.009333
   14593    20120207       0.010475
   14593    20120208       0.016744
   14593    20120209       0.034593
   14593    20120210       0.000507
   14593    20120213       0.018605
   14593    20120214       0.013649
   14593    20120215      -0.023142
   14593    20120216       0.009122
   14593    20120217      -0.000179
   14593    20120221       0.025352
   14593    20120222      -0.003516
   14593    20120223       0.006530
   14593    20120224       0.011658
   14593    20120227       0.006413
   14593    20120228       0.018354
   14593    20120229       0.013130
   14593    20120301       0.003742
   14593    20120302       0.001304
   14593    20120305      -0.022048
   14593    20120306      -0.005439
   14593    20120307       0.000811
   14593    20120308       0.021293
   14593    20120309       0.005867
   14593    20120312       0.012528
   14593    20120313       0.029167
   14593    20120314       0.037810
   14593    20120315      -0.006818
   14593    20120316       0.000017
   14593    20120319       0.026521
   14593    20120320       0.008085
   14593    20120321      -0.005710
   14593    20120322      -0.005245
   14593    20120323      -0.005489
   14593    20120326       0.018337
   14593    20120327       0.012356
   14593    20120328       0.005110
   14593    20120329      -0.012564
   14593    20120330      -0.016906
   14593    20120402       0.031824
   14593    20120403       0.017280
   14593    20120404      -0.007961
   14593    20120405       0.015009
   14593    20120409       0.004024
   14593    20120410      -0.012244
   14593    20120411      -0.003564
   14593    20120412      -0.005477
   14593    20120413      -0.028165
   14593    20120416      -0.041472
   14593    20120417       0.050971
   14593    20120418      -0.002231
   14593    20120419      -0.034356
   14593    20120420      -0.024615
   14593    20120423      -0.002234
   14593    20120424      -0.019975
   14593    20120425       0.088741
   14593    20120426      -0.003770
   14593    20120427      -0.007734
   14593    20120430      -0.031542
   14593    20120501      -0.003168
   14593    20120502       0.006614
   14593    20120503      -0.007099
   14593    20120504      -0.028480
   14593    20120507       0.007483
   14593    20120508      -0.002283
   14593    20120509       0.001760
   14593    20120510       0.002354
   14593    20120511      -0.006678
   14593    20120514      -0.014981
   14593    20120515      -0.009047
   14593    20120516      -0.012826
   14593    20120517      -0.029218
   14593    20120518       0.000490
   14593    20120521       0.058260
   14593    20120522      -0.007679
   14593    20120523       0.024400
   14593    20120524      -0.009184
   14593    20120525      -0.005360
   14593    20120529       0.017749
   14593    20120530       0.012057
   14593    20120531      -0.002486
   14593    20120601      -0.028975
   14593    20120604       0.005882
   14593    20120605      -0.002587
   14593    20120606       0.015333
   14593    20120607       0.000455
   14593    20120608       0.015042
   14593    20120611      -0.015767
   14593    20120612       0.008736
   14593    20120613      -0.006943
   14593    20120614      -0.001101
   14593    20120615       0.004549
   14593    20120618       0.020292
   14593    20120619       0.002783
   14593    20120620      -0.002841
   14593    20120621      -0.013779
   14593    20120622       0.007669
   14593    20120625      -0.019473
   14593    20120626       0.002208
   14593    20120627       0.004327
   14593    20120628      -0.009487
   14593    20120629       0.026272
   14593    20120702       0.014589
   14593    20120703       0.011628
   14593    20120705       0.017567
   14593    20120706      -0.006656
   14593    20120709       0.013220
   14593    20120710      -0.009252
   14593    20120711      -0.006215
   14593    20120712      -0.009149
   14593    20120713       0.010135
   14593    20120716       0.003207
   14593    20120717       0.000049
   14593    20120718      -0.001120
   14593    20120719       0.013295
   14593    20120720      -0.016311
   14593    20120723      -0.000778
   14593    20120724      -0.004819
   14593    20120725      -0.043184
   14593    20120726      -0.000156
   14593    20120727       0.017882
   14593    20120730       0.016867
   14593    20120731       0.026436
   14593    20120801      -0.006467
   14593    20120802       0.001615
   14593    20120803       0.013014
   14593    20120806       0.011126
   14593    20120807      -0.002628
   14593    20120808      -0.001698
   14593    20120809       0.005679
   14593    20120810       0.001563
   14593    20120813       0.013350
   14593    20120814       0.002683
   14593    20120815      -0.001361
   14593    20120816       0.008735
   14593    20120817       0.018496
   14593    20120820       0.026292
   14593    20120821      -0.013663
   14593    20120822       0.019523
   14593    20120823      -0.009329
   14593    20120824       0.000893
   14593    20120827       0.018784
   14593    20120828      -0.001302
   14593    20120829      -0.001977
   14593    20120830      -0.014252
   14593    20120831       0.002067
   14593    20120904       0.014626
   14593    20120905      -0.007023
   14593    20120906       0.009012
   14593    20120907       0.006166
   14593    20120910      -0.026013
   14593    20120911      -0.003244
   14593    20120912       0.013927
   14593    20120913       0.019693
   14593    20120914       0.012153
   14593    20120917       0.012297
   14593    20120918       0.003042
   14593    20120919       0.000271
   14593    20120920      -0.004843
   14593    20120921       0.001997
   14593    20120924      -0.013291
   14593    20120925      -0.024971
   14593    20120926      -0.012412
   14593    20120927       0.024264
   14593    20120928      -0.020864
   14593    20121001      -0.011565
   14593    20121002       0.002912
   14593    20121003       0.015333
   14593    20121004      -0.006925
   14593    20121005      -0.021311
   14593    20121008      -0.022097
   14593    20121009      -0.003635
   14593    20121010       0.007958
   14593    20121011      -0.019987
   14593    20121012       0.002570
   14593    20121015       0.008013
   14593    20121016       0.023682
   14593    20121017      -0.007970
   14593    20121018      -0.018575
   14593    20121019      -0.036039
   14593    20121022       0.039666
   14593    20121023      -0.032608
   14593    20121024       0.005665
   14593    20121025      -0.011822
   14593    20121026      -0.009086
   14593    20121031      -0.014371
   14593    20121101       0.002049
   14593    20121102      -0.033091
   14593    20121105       0.013559
   14593    20121106      -0.003030
   14593    20121107      -0.038085
   14593    20121108      -0.036294
   14593    20121109       0.017313
   14593    20121112      -0.007732
   14593    20121113       0.000125
   14593    20121114      -0.011085
   14593    20121115      -0.020973
   14593    20121116       0.003915
   14593    20121119       0.072112
   14593    20121120      -0.008514
   14593    20121121       0.001402
   14593    20121123       0.017447
   14593    20121126       0.031549
   14593    20121127      -0.008057
   14593    20121128      -0.003147
   14593    20121129       0.011013
   14593    20121130      -0.006923
   14593    20121203       0.001555
   14593    20121204      -0.017647
   14593    20121205      -0.064346
   14593    20121206       0.015687
   14593    20121207      -0.025573
   14593    20121210      -0.006431
   14593    20121211       0.021832
   14593    20121212      -0.004411
   14593    20121213      -0.017273
   14593    20121214      -0.037562
   14593    20121217       0.017725
   14593    20121218       0.029046
   14593    20121219      -0.014216
   14593    20121220      -0.008702
   14593    20121221      -0.004600
   14593    20121224       0.001614
   14593    20121226      -0.013781
   14593    20121227       0.004017
   14593    20121228      -0.010622
   14593    20121231       0.044317
   14593    20130102       0.031676
   14593    20130103      -0.012630
   14593    20130104      -0.027847
   14593    20130107      -0.005882
   14593    20130108       0.002691
   14593    20130109      -0.015629
   14593    20130110       0.012396
   14593    20130111      -0.006132
   14593    20130114      -0.035652
   14593    20130115      -0.031550
   14593    20130116       0.041509
   14593    20130117      -0.006738
   14593    20130118      -0.005331
   14593    20130122       0.009540
   14593    20130123       0.018295
   14593    20130124      -0.123549
   14593    20130125      -0.023574
   14593    20130128       0.022620
   14593    20130129       0.018763
   14593    20130130      -0.003142
   14593    20130131      -0.002933
   14593    20130201      -0.004105
   14593    20130204      -0.024920
   14593    20130205       0.035106
   14593    20130206      -0.001079
   14593    20130207       0.029562
   14593    20130208       0.014438
   14593    20130211       0.010421
   14593    20130212      -0.025066
   14593    20130213      -0.001902
   14593    20130214      -0.000899
   14593    20130215      -0.013781
   14593    20130219      -0.000369
   14593    20130220      -0.024218
   14593    20130221      -0.006216
   14593    20130222       0.010649
   14593    20130225      -0.017768
   14593    20130226       0.013934
   14593    20130227      -0.009800
   14593    20130228      -0.007131
   14593    20130301      -0.024762
   14593    20130304      -0.024206
   14593    20130305       0.026411
   14593    20130306      -0.012715
   14593    20130307       0.011558
   14593    20130308       0.002643
   14593    20130311       0.014245
   14593    20130312      -0.021559
   14593    20130313      -0.000187
   14593    20130314       0.009688
   14593    20130315       0.025803
   14593    20130318       0.027183
   14593    20130319      -0.002699
   14593    20130320      -0.005303
   14593    20130321       0.001438
   14593    20130322       0.020277
   14593    20130325       0.003615
   14593    20130326      -0.005272
   14593    20130327      -0.019638
   14593    20130328      -0.020837
   14593    20130401      -0.031062
   14593    20130402       0.002056
   14593    20130403       0.005114
   14593    20130404      -0.009884
   14593    20130405      -0.010568
   14593    20130408       0.007112
   14593    20130409       0.001807
   14593    20130410       0.020399
   14593    20130411      -0.003122
   14593    20130412      -0.010430
   14593    20130415      -0.023150
   14593    20130416       0.015220
   14593    20130417      -0.054993
   14593    20130418      -0.026688
   14593    20130419      -0.003877
   14593    20130422       0.020844
   14593    20130423       0.018712
   14593    20130424      -0.001645
   14593    20130425       0.007197
   14593    20130426       0.021610
   14593    20130429       0.030956
   14593    20130430       0.029434
   14593    20130501      -0.007882
   14593    20130502       0.014182
   14593    20130503       0.010011
   14593    20130506       0.023845
   14593    20130507      -0.004454
   14593    20130508       0.011298
   14593    20130509      -0.008667
   14593    20130510      -0.008319
   14593    20130513       0.003908
   14593    20130514      -0.023926
   14593    20130515      -0.033817
   14593    20130516       0.013357
   14593    20130517      -0.003033
   14593    20130520       0.022319
   14593    20130521      -0.007383
   14593    20130522       0.003853
   14593    20130523       0.001781
   14593    20130524       0.006808
   14593    20130528      -0.008337
   14593    20130529       0.007954
   14593    20130530       0.014900
   14593    20130531      -0.004086
   14593    20130603       0.002190
   14593    20130604      -0.003128
   14593    20130605      -0.009348
   14593    20130606      -0.014940
   14593    20130607       0.007643
   14593    20130610      -0.006611
   14593    20130611      -0.002939
   14593    20130612      -0.012363
   14593    20130613       0.008735
   14593    20130614      -0.013568
   14593    20130617       0.004534
   14593    20130618      -0.000532
   14593    20130619      -0.020312
   14593    20130620      -0.014567
   14593    20130621      -0.008008
   14593    20130624      -0.026505
   14593    20130625       0.000224
   14593    20130626      -0.011326
   14593    20130627      -0.010777
   14593    20130628       0.006984
   14593    20130701       0.032003
   14593    20130702       0.022653
   14593    20130703       0.005520
   14593    20130705      -0.008032
   14593    20130708      -0.005678
   14593    20130709       0.017588
   14593    20130710      -0.003836
   14593    20130711       0.015587
   14593    20130712      -0.001821
   14593    20130715       0.002180
   14593    20130716       0.006445
   14593    20130717       0.000267
   14593    20130718       0.003365
   14593    20130719      -0.015768
   14593    20130722       0.003200
   14593    20130723      -0.017171
   14593    20130724       0.051362
   14593    20130725      -0.004563
   14593    20130726       0.005678
   14593    20130729       0.015420
   14593    20130730       0.012350
   14593    20130731      -0.001743
   14593    20130801       0.009162
   14593    20130802       0.012841
   14593    20130805       0.014939
   14593    20130806      -0.008947
   14593    20130807      -0.000580
   14593    20130808      -0.001979
   14593    20130809      -0.014230
   14593    20130812       0.028408
   14593    20130813       0.047522
   14593    20130814       0.018240
   14593    20130815      -0.001184
   14593    20130816       0.008877
   14593    20130819       0.010770
   14593    20130820      -0.013137
   14593    20130821       0.002574
   14593    20130822       0.001194
   14593    20130823      -0.003857
   14593    20130826       0.003892
   14593    20130827      -0.028590
   14593    20130828       0.004720
   14593    20130829       0.001638
   14593    20130830      -0.009119
   14593    20130903       0.002800
   14593    20130904       0.020695
   14593    20130905      -0.006860
   14593    20130906       0.005956
   14593    20130909       0.015957
   14593    20130910      -0.022779
   14593    20130911      -0.054444
   14593    20130912       0.010648
   14593    20130913      -0.016480
   14593    20130916      -0.031792
   14593    20130917       0.011553
   14593    20130918       0.020557
   14593    20130919       0.016398
   14593    20130920      -0.010354
   14593    20130923       0.049699
   14593    20130924      -0.003139
   14593    20130925      -0.015477
   14593    20130926       0.009740
   14593    20130927      -0.007137
   14593    20130930      -0.012429
   14593    20131001       0.023513
   14593    20131002       0.003279
   14593    20131003      -0.012562
   14593    20131004      -0.000786
   14593    20131007       0.009772
   14593    20131008      -0.013962
   14593    20131009       0.011744
   14593    20131010       0.006268
   14593    20131011       0.006482
   14593    20131014       0.006550
   14593    20131015       0.005322
   14593    20131016       0.004881
   14593    20131017       0.006757
   14593    20131018       0.008702
   14593    20131021       0.024508
   14593    20131022      -0.002867
   14593    20131023       0.009796
   14593    20131024       0.013239
   14593    20131025      -0.011190
   14593    20131028       0.007449
   14593    20131029      -0.024908
   14593    20131030       0.015905
   14593    20131031      -0.004180
   14593    20131101      -0.005112
   14593    20131104       0.012922
   14593    20131105      -0.002470
   14593    20131106      -0.002815
   14593    20131107      -0.016179
   14593    20131108       0.015743
   14593    20131111      -0.002905
   14593    20131112       0.001853
   14593    20131113       0.001200
   14593    20131114       0.014455
   14593    20131115      -0.006000
   14593    20131118      -0.012118
   14593    20131119       0.001776
   14593    20131120      -0.008758
   14593    20131121       0.011915
   14593    20131122      -0.002564
   14593    20131125       0.007580
   14593    20131126       0.018444
   14593    20131127       0.023547
   14593    20131129       0.018518
   14593    20131202      -0.008704
   14593    20131203       0.027379
   14593    20131204      -0.002334
   14593    20131205       0.005135
   14593    20131206      -0.013877
   14593    20131209       0.011446
   14593    20131210      -0.001554
   14593    20131211      -0.007409
   14593    20131212      -0.001461
   14593    20131213      -0.010900
   14593    20131216       0.005537
   14593    20131217      -0.004502
   14593    20131218      -0.007604
   14593    20131219      -0.011457
   14593    20131220       0.008375
   14593    20131223       0.038377
   14593    20131224      -0.004245
   14593    20131226      -0.006641
   14593    20131227      -0.006757
   14593    20131230      -0.009945
   14593    20131231       0.011722
