date       ibm      bnd3a
20010102 -0.002206 0.009182201
20010103 0.115696 -0.007288054
20010104 -0.015192 0.005226682
20010105 0.008719 0.004442927
20010108 -0.004654 0.001836416
20010109 -0.010688 -0.001259922
20010110 0.009453 -0.003717007
20010111 0.002676 -0.001845586
20010112 0.001334 -0.004319661
20010116 -0.011326 0.001199760
20010117 0.042453 0.003844066
20010118 0.120233 0.004225893
20010119 0.027121 -0.003646938
20010122 -0.024157 -0.001882831
20010123 0.004606 -0.0002537289
20010124 0.012607 -0.002177464
20010125 0.00283 0.003300632
20010126 0.031038 -0.0001810709
20010129 0.00694 -0.0009783496
20010130 0.014176 0.005278965
20010131 -0.039533 0.005322988
20010201 0.018304 0.003401912
20010202 -0.033143 -0.003545405
20010205 0.017684 0.0009681758
20010206 0.017555 -0.001793658
20010207 0.024958 0.001255898
20010208 -0.024036 -0.0003586672
20010209 -0.018405 0.003151865
20010212 0.025893 -0.0006796759
20010213 -0.010009 -0.001002470
20010214 0.011868 -0.001613222
20010215 0.014596 -0.003198278
20010216 -0.015242 0.004058987
20010220 -0.030435 0.0008599685
20010221 -0.035785 -0.001290230
20010222 0.012929 0.000501954
20010223 -0.044995 0.003470921
20010226 0.0125 0.002212232
20010227 -0.025736 0.003735396
20010228 -0.026221 0.00209283
20010301 0.061562 0.002548043
20010302 -0.035361 -0.004072893
20010305 0.025513 -3.548931e-05
20010306 0.01039 -0.0003194605
20010307 0.014623 0.003543841
20010308 -0.010042 0.001343373
20010309 -0.067437 -0.001591034
20010312 -0.038272 0.0007074387
20010313 0.03037 -0.0008489866
20010314 -0.034861 0.004519622
20010315 0.006318 0.001970929
20010316 -0.057137 0.001756482
20010319 0.027747 -0.002108149
20010320 -0.046436 0.002213440
20010321 0.008834 0.001122413
20010322 0.000224 0.002660693
20010323 0.049495 -0.003397135
20010326 0.020212 -0.001650194
20010327 0.042977 -0.006097687
20010328 -0.051156 0.0004948395
20010329 0.006673 0.0006358627
20010330 0.011995 0.002363275
20010402 -0.015804 -0.001057492
20010403 -0.045109 0.001480176
20010404 0.017812 0.0009855685
20010405 0.0675 -0.002007361
20010406 -0.002647 0.004853013
20010409 -0.019908 -0.001263735
20010410 0.031771 -0.00694386
20010411 -0.016355 -0.0009554648
20010412 -0.012624 -0.00198462
20010416 0.005717 -0.005014503
20010417 0.030491 0.003843148
20010418 0.068205 0.004217546
20010419 0.074836 -0.005176949
20010420 0.003145 0.0003909791
20010423 -0.024645 0.004290711
20010424 0.005982 -0.0003539071
20010425 0.019349 -0.001452330
20010426 -0.009665 0.003538574
20010427 0.021628 -0.005170532
20010430 -0.009122 0.001525607
20010501 0.029269 0.002160249
20010502 -0.026243 0.0008840014
20010503 -0.014731 0.003915556
20010504 0.018997 0.001231462
20010507 0.000345 -3.51636e-05
20010508 0.016739 -0.0004572393
20010509 -0.006117 0.002213906
20010510 -0.015216 -0.004573769
20010511 -0.029427 -0.009175189
20010514 0.006708 0.003233317
20010515 0.009062 -0.001810791
20010516 0.019546 0.001775316
20010517 -0.006304 0.001205417
20010518 0.020596 0.0009916068
20010521 0.013624 0.0008137992
20010522 -0.008653 0.0001414627
20010523 -0.005169 0.0002475116
20010524 0.018739 -0.003932062
20010525 -0.01505 0.0002839094
20010529 -0.021477 0.0003902439
20010530 -0.022729 0.0003191772
20010531 -0.007545 0.006467939
20010601 0.00975 0.001443383
20010604 0.006644 0.001968089
20010605 0.029303 0.003084907
20010606 0.004531 0.0006298331
20010607 -0.002128 -0.001925737
20010608 -0.009808 -0.001859226
20010611 0.010853 0.003050119
20010612 -0.000937 0.002307693
20010613 -0.006055 0.0001396892
20010614 -0.006779 0.002232377
20010615 -0.018575 -0.0009411765
20010618 0.005898 0.0003486872
20010619 0.004988 -0.0008021624
20010620 -0.015239 0.001324965
20010621 -0.004333 0.001114400
20010622 0.002398 0.003543885
20010625 -0.001949 -0.0005550737
20010626 0.003462 -0.003023618
20010627 0.004246 -0.0005570643
20010628 0.013918 -0.004677636
20010629 -0.018245 -0.003048729
20010702 0.011947 0.002173609
20010703 -0.011981 -0.0009810449
20010705 -0.007789 -0.002140615
20010706 -0.049955 0.003121659
20010709 -0.016714 0.001889302
20010710 -0.026356 0.002583259
20010711 0.018537 -0.0002092050
20010712 0.03274 0.001776849
20010713 0.011935 3.480864e-05
20010716 -0.006542 0.002884901
20010717 0.006585 0
20010718 -0.03916 0.004812779
20010719 -0.002685 -0.0006910612
20010720 0.016346 -0.0001728399
20010723 0.001419 0.002141107
20010724 -0.012659 0.0008965209
20010725 0.003636 -0.002864788
20010726 0.010583 0.0008637518
20010727 -0.012264 0.002896754
20010730 0.010984 0.001995253
20010731 -0.006046 0.002265629
20010801 0.017584 -0.001612876
20010802 0.016253 -0.002406988
20010803 -0.005699 -0.0007921338
20010806 -0.015437 0.0007232775
20010807 -0.002441 3.442874e-05
20010808 -0.018071 0.005116682
20010809 -0.001056 -0.001199555
20010810 0.008359 0.001850139
20010813 0.008671 0.001539172
20010814 0.003212 -0.0004102143
20010815 -0.011205 -0.001026273
20010816 0.007047 0.002222261
20010817 -0.010969 0.004055695
20010820 -0.004685 -0.002213257
20010821 -0.02123 0.000817773
20010822 0.020316 -0.000476953
20010823 -0.009234 0.001634321
20010824 0.038738 -0.001566171
20010827 -0.001215 -0.0001022268
20010828 -0.017874 0.004047005
20010829 -0.007813 0.002745346
20010830 -0.036205 0.0006090546
20010831 -0.004085 -0.001658852
20010904 0.015408 -0.005708476
20010905 -0.011233 0.001191956
20010906 -0.023418 0.005126214
20010907 -0.014388 0.003245439
20010910 -0.001242 -0.001013069
20010917 -0.032445 -0.005828154
20010918 0.032783 -0.005383868
20010919 -0.004149 0.004975982
20010920 -0.027083 0.005424845
20010921 -0.031049 0.001250317
20010924 0.047514 -0.001115072
20010925 -0.003692 0.001148843
20010926 -0.033351 0.003943316
20010927 -0.014239 0.002251156
20010928 0.019111 0.001743680
20011001 0.010794 0.001171921
20011002 0.011433 0.002206178
20011003 0.033913 0.0003338452
20011004 0.003713 0.0003337338
20011005 0.007296 0.0009671987
20011008 0.004897 0.0005332267
20011009 -0.013807 -0.003404202
20011010 0.001132 0.0004345138
20011011 0.022108 -0.003380813
20011012 0.014487 0.001172863
20011015 0.011503 0.002174532
20011016 -0.001471 0.001569413
20011017 0.010309 0.0009004653
20011018 -0.015938 0.0003666239
20011019 0.013727 -0.002602604
20011022 0.025329 0.0004008418
20011023 0.005321 0.0002337502
20011024 0.026085 0.002933922
20011025 0.01925 0.003821174
20011026 0.004518 0.001226323
20011029 -0.02285 0.002580305
20011030 0.000276 0.002969025
20011031 -0.005338 0.005682487
20011101 0.016841 0.002453507
20011102 -0.003549 -0.005767104
20011105 0.004292 0.003641079
20011106 0.038374 0.002191370
20011107 -0.001752 0.003489722
20011108 -0.000351 -0.004339534
20011109 0.002372 -0.001046915
20011112 0.006837 0.0005235945
20011113 0.016019 -0.002719129
20011114 -0.020137 -0.005790442
20011115 0.003498 -0.01004800
20011116 -0.002179 -0.006319084
20011119 0.004367 0.006618999
20011120 0.003826 -0.004307401
20011121 -0.009529 -0.00362052
20011123 0.008833 -0.002387318
20011126 0.008496 0.0002692787
20011127 -0.01831 0.003024399
20011128 -0.017951 0.004085192
20011129 0.02033 0.009346329
20011130 0.010137 0.000728067
20011203 -0.012631 0.001652729
20011204 0.021992 0.002210383
20011205 0.040809 -0.01083456
20011206 -0.010379 -0.004540909
20011207 0.002164 -0.005335136
20011210 -0.006146 0.002218041
20011211 0.015377 0.002481058
20011212 0.013992 0.004310424
20011213 -0.023945 -0.008774042
20011214 0.007069 -0.001750606
20011217 0.001982 -0.001618669
20011218 0.007088 0.00441145
20011219 0.01383 0.003789725
20011220 -0.009605 -0.0006697027
20011221 -0.005705 -0.0008377595
20011224 -0.004508 -0.001442590
20011226 0.007822 -0.002150972
20011227 0.008987 0.003761170
20011228 -0.004858 0.0005696574
20011231 -0.015785 0.005245673
20020102 0.004464 -0.005781812
20020103 0.017778 0.001272861
20020104 0.015688 0.0001338912
20020107 -0.012341 0.005474162
20020108 0.00524 -0.001032456
20020109 -0.001684 0.001365279
20020110 -0.018877 0.005111535
20020111 -0.014983 0.004920831
20020114 -0.018785 6.5887e-05
20020115 0.006777 0.001448417
20020116 -0.0122 -0.0006581112
20020117 0.021295 -0.004056935
20020118 -0.047123 0.002640527
20020122 -0.032823 -0.0003626593
20020123 -0.023529 -0.00475971
20020124 0.0076 -0.001226648
20020125 0.005151 -0.001128518
20020128 -0.01034 0.0003320494
20020129 -0.047619 0.005132717
20020130 0.024757 -0.001024438
20020131 0.02217 -0.002350255
20020201 0.00102 0.002548615
20020204 -0.011111 0.003926037
20020205 -0.004682 -9.878657e-05
20020206 0.004421 -0.0009224789
20020207 -0.025509 -0.0009233307
20020208 0.010394 0.002207979
20020211 0.022764 -0.0004609661
20020212 -0.007543 -0.002803293
20020213 0.014075 -0.001785006
20020214 -0.001666 0.002181242
20020215 -0.046343 0.003657757
20020219 -0.032559 3.289203e-05
20020220 -0.002311 0.0002959796
20020221 -0.029504 0.0005916965
20020222 0.021477 0.002133772
20020225 -0.001524 -0.0004920049
20020226 -0.011699 -0.00299003
20020227 0.006999 0.004530837
20020228 0.002964 -0.001770492
20020301 0.049939 -0.004407032
20020304 0.027956 -0.000692418
20020305 -0.002172 0.0002308593
20020306 0.005962 -0.0001978761
20020307 -0.024365 -0.00774787
20020308 0.013306 -0.00483133
20020311 0.001427 0.001068234
20020312 0.030977 0.0004669936
20020313 -0.012166 0.002431511
20020314 -0.005411 -0.005705055
20020315 0.001782 0.001471080
20020318 -0.00412 0.002202571
20020319 0.010719 -0.0004001067
20020320 -0.018513 -0.004311288
20020321 0.012133 -0.0002679798
20020322 -0.011051 -0.001039100
20020325 -0.019318 3.353623e-05
20020326 -0.006373 0.003849184
20020327 0.004762 0.0005677549
20020328 0.0059 -0.002842003
20020401 -0.010962 -0.0001004537
20020402 -0.018569 0.005410112
20020403 -0.009807 0.004154555
20020404 0.008803 -3.316805e-05
20020405 -0.035601 0.004170534
20020408 -0.101182 -0.00112367
20020409 0.003775 0.002015097
20020410 0.014475 -0.001122668
20020411 -0.054151 0.0006605456
20020412 0.016748 0.002374358
20020415 -0.002921 0.002072949
20020416 0.009959 -0.003886186
20020417 -0.016125 -0.001816531
20020418 0.048815 0.000826105
20020419 0.000562 0.002111724
20020422 -0.012022 0.001317567
20020423 -0.006824 0.0008554883
20020424 -0.009504 0.003742372
20020425 0.002428 0.0006551148
20020426 -0.023065 0.001766669
20020429 -0.00968 -0.001504743
20020430 -0.00155 9.82045e-05
20020501 0.006447 0.001962067
20020502 -0.005219 -0.001503907
20020503 -0.024803 0.003299093
20020506 -0.070677 -0.0002935373
20020507 0.006579 0.0009781227
20020508 0.079739 -0.006932663
20020509 -0.030564 0.002850825
20020510 -0.003128 0.003005851
20020513 0.031501 -0.003922471
20020514 0.040029 -0.003707779
20020515 -0.011465 0.001740759
20020516 0.011243 0.004551043
20020517 0.002809 -0.003075415
20020520 -0.014471 0.003532648
20020521 -0.011841 0.002739013
20020522 0.006591 0.002471707
20020523 0.004167 -0.001690508
20020524 -0.014819 0
20020528 -0.012274 0.0008131007
20020529 -0.005848 0.001851401
20020530 0.007966 3.245015e-05
20020531 -0.021885 -0.0003894713
20020603 -0.029086 0.001719022
20020604 0.015363 0.001424871
20020605 0.015635 -0.001230451
20020606 -0.011049 0.002200791
20020607 -0.017073 -0.002233191
20020610 -0.019157 0.00142464
20020611 -0.017057 0.003294789
20020612 -0.011127 0.002287041
20020613 0.012726 0.002121301
20020614 0.00754 0.005730675
20020617 0.012735 -0.002685166
20020618 -0.015556 0.0007679263
20020619 -0.034106 0.00618585
20020620 -0.024131 -0.004939226
20020621 -0.039536 0.003571432
20020624 0.013818 -0.003475603
20020625 -0.015782 0.0001596959
20020626 0.021137 0.005319246
20020627 0.02641 -0.005702559
20020628 0.001391 -0.002078837
20020701 -0.061111 0.001503591
20020702 0.014497 0.003446519
20020703 0.028142 -0.004758036
20020705 0.042405 -0.00539206
20020708 -0.029932 0.002250226
20020709 -0.022861 0.005092492
20020710 -0.013062 0.005479815
20020711 0.009453 0.0001588487
20020712 -0.002881 0.001777383
20020715 0.025863 -0.001142241
20020716 -0.028028 -0.004932938
20020717 0.024344 0.0008929141
20020718 0.019239 0.004484384
20020719 -0.000694 0.002503765
20020722 -0.048611 0.005272226
20020723 -0.021168 0.002138836
20020724 0.037136 -0.006335419
20020725 -0.002732 0.001295562
20020726 -0.042538 0.001041552
20020729 0.071988 -0.008108495
20020730 0.00857 -0.002037439
20020731 -0.019362 0.007018018
20020801 -0.03054 0.002717736
20020802 -0.005421 0.01120346
20020805 -0.027843 0.002493456
20020806 0.028944 -0.006809334
20020807 0.020913 0.004378291
20020808 0.035275 -0.004002257
20020809 0.003072 0.007397846
20020812 -0.000835 0.002422813
20020813 0.001811 0.005260239
20020814 0.042003 0.002804446
20020815 0.021089 -0.005864395
20020816 0.037255 -0.006272728
20020819 0.039572 0.001369693
20020820 -0.01479 0.007438205
20020821 -0.003322 -0.0005559502
20020822 0.012222 -0.00504856
20020823 -0.019393 0.003873872
20020826 -0.012189 0.001823267
20020827 -0.018383 -0.003804815
20020828 -0.024371 0.003619549
20020829 0.007363 0.003083282
20020830 -0.016184 0.001599557
20020903 -0.040196 0.009178587
20020904 0.019074 0.001643236
20020905 -0.021023 0.002308137
20020906 0.014131 -0.008346582
20020909 0.01776 3.058899e-05
20020910 0.014765 0.002383063
20020911 -0.018519 -0.004587866
20020912 -0.031402 0.005685828
20020913 0.008766 0.003529702
20020916 -0.002483 0.001911785
20020917 -0.007882 6.063178e-05
20020918 -0.030662 0.0009090359
20020919 -0.068296 0.003537365
20020920 -0.01358 -0.0004528097
20020923 -0.008604 0.004759332
20020924 -0.057125 0.000330504
20020925 0.054561 -0.00593563
20020926 -0.015712 -0.0004231653
20020927 -0.026766 0.000604467
20020930 -0.033963 0.004642198
20021001 0.049048 -0.005125742
20021002 -0.025176 0.0001511327
20021003 0.006205 3.022381e-05
20021004 -0.056667 -0.0006046498
20021007 0.004594 0.002567240
20021008 0.003342 -0.001297898
20021009 -0.034706 0.003708118
20021010 0.045578 -0.01007100
20021011 0.110108 -0.003593183
20021014 -0.007822 0.0004879685
20021015 0.079786 -0.01085234
20021016 -0.052278 -0.001388011
20021017 0.112481 -0.004795727
20021018 0.028393 -0.0001240656
20021021 0.017508 -0.003106654
20021022 -0.014031 -0.001183064
20021023 0.001477 0.0002803258
20021024 -0.033512 0.006920872
20021025 0.034119 0.002779667
20021028 0.026824 0.004584976
20021029 0.002351 0.007676466
20021030 0.02515 -0.0002742356
20021031 0.003432 0.004712472
20021101 0.018495 -0.003068186
20021104 0.026119 -0.002680967
20021105 -0.009939 -0.001526485
20021106 0.000122 0.002745997
20021107 -0.031764 0.008918068
20021108 -0.017226 0.002985212
20021111 -0.003866 0.0004816231
20021112 0.024065 0.003814678
20021113 0.002527 0.001018788
20021114 0.017265 -0.009327584
20021115 -0.008796 0.001721613
20021118 -0.010374 0.001839150
20021119 -0.01023 0.002316731
20021120 0.041342 -0.005031419
20021121 0.040314 -0.003479527
20021122 -0.005536 -0.001182768
20021125 0.020964 0.0003640777
20021126 -0.013225 0.005837446
20021127 0.031037 -0.008480017
20021129 -0.008894 0.001398092
20021202 0.004372 -9.112032e-05
20021203 -0.02394 -0.0003341789
20021204 -0.017838 0.001487757
20021205 -0.007528 0.004027075
20021206 -0.008909 0.001479581
20021209 -0.033163 0.002651722
20021210 0.015203 0.0008121889
20021211 0.007921 0.003362054
20021212 -0.015594 -0.0002997243
20021213 -0.00212 -0.003122469
20021216 0.02025 -0.002860801
20021217 -0.01605 0.00078377
20021218 -0.014693 0.004419797
20021219 -0.00594 0.005415365
20021220 0.014366 0.0002685084
20021223 0.00589 -0.0001193282
20021224 -0.00623 0.002235037
20021226 -0.015797 0.001279172
20021227 -0.014522 0.005366554
20021230 -0.014349 0.001625032
20021231 0.016393 -0.0008269589
20030102 0.039613 -0.01117164
20030103 0.013405 0.0001792543
20030106 0.02376 -0.0005079707
20030107 0.028831 0.003758842
20030108 -0.021046 0.003151294
20030109 0.033377 -0.009363979
20030110 0.007816 0.0008385745
20030113 -0.001939 0.002899636
20030114 0.012227 0.002682885
20030115 -0.011176 0.000862954
20030116 -0.017582 0.000475794
20030117 -0.0552 0.002998236
20030121 -0.009348 -0.0006226558
20030122 -0.01043 0.002902416
20030123 0.016939 -0.001390924
20030124 -0.025416 0.003370391
20030127 -0.007216 -0.003311163
20030128 0.021551 -0.0005924346
20030129 0.002621 -0.002789154
20030130 -0.025149 0.003796084
20030131 -0.001277 0.000562255
20030203 -0.000256 0.0009462417
20030204 -0.013942 0.003923251
20030205 0.002205 -0.003775482
20030206 0.005177 0.005569732
20030207 -0.00529 0.0009105997
20030210 0.010506 -0.003087647
20030211 -0.006674 0.0009714312
20030212 -0.0115 0.001029276
20030213 -0.008366 0.002524587
20030214 0.02096 -0.004319153
20030218 0.024274 0.001529997
20030219 0.002269 0.003463258
20030220 -0.005911 0.001873372
20030221 0.011513 -0.002225021
20030224 -0.017386 0.002838957
20030225 0.006492 0.002335358
20030226 -0.021121 0.002359007
20030227 -0.00155 0.001046664
20030228 0.00867 0.003625767
20030303 -0.007954 0.001591182
20030304 -0.008147 0.001242254
20030305 0.013429 0.001269548
20030306 -0.008491 -0.0008654263
20030307 0.010769 0.002075766
20030310 -0.028241 0.001352693
20030311 -0.004623 -0.001035942
20030312 -0.002256 -8.637692e-05
20030313 0.043496 -0.007920719
20030314 0.007011 0.002319111
20030317 0.043797 -0.004876359
20030318 0.000121 -0.004666364
20030319 -0.005699 -0.002546504
20030320 0.002439 -0.001877439
20030321 0.032847 -0.004443602
20030324 -0.031213 0.007170596
20030325 0.01459 0.0003513292
20030326 -0.022768 0.001550229
20030327 -0.001226 0.0009348252
20030328 -0.007366 0.003148599
20030331 -0.029932 0.00461747
20030401 0.003825 0.0003476246
20030402 0.034675 -0.005081533
20030403 0.005524 0.0006693343
20030404 -0.013674 0.0003199581
20030407 -0.003961 -0.003379267
20030408 -0.004971 0.00448379
20030409 -0.016985 0.002321331
20030410 0.003811 -0.001537279
20030411 -0.003291 -0.001859493
20030414 0.016762 -0.001862957
20030415 0.03397 0.002502548
20030416 0.001087 0.002815146
20030417 0.016651 8.694014e-05
20030421 -0.010681 0.0004345874
20030422 0.027231 0.0002317027
20030423 0.001401 -0.0001448079
20030424 -0.006414 0.006697098
20030425 -0.015493 0.001322561
20030428 0.014783 -0.0001149359
20030429 0.006344 -0.001696841
20030430 -0.008872 0.004795484
20030501 0.011661 0.0004296086
20030502 0.01956 -0.002810118
20030505 -0.01199 0.002036690
20030506 0.011443 0.003975352
20030507 -0.007656 0.005919366
20030508 -0.007268 8.511966e-05
20030509 0.017432 -0.0004540553
20030512 0.016562 0.002579696
20030513 0.011011 0.001103550
20030514 -0.014225 0.005133858
20030515 0.013529 -0.001943252
20030516 -0.010122 0.003938896
20030519 -0.028543 0.001178650
20030520 -0.007866 0.004142299
20030521 0.00478 -0.002152974
20030522 -0.00116 0.003102164
20030523 -0.009526 0.0009761676
20030527 0.028501 -0.003099133
20030528 -0.001368 -0.000979199
20030529 -0.002398 0.004189833
20030530 0.007784 -0.0006691948
20030602 -0.008065 -0.003688597
20030603 -0.040192 0.005360745
20030604 0.00513 0.002169621
20030605 -0.027893 -0.002058243
20030606 -0.022589 -0.000612728
20030609 0.02436 0.00486362
20030610 -0.003537 0.005695028
20030611 0.027659 -0.0002205619
20030612 -0.000238 0.001763134
20030613 -0.014294 0.003297522
20030616 0.021148 -0.003242474
20030617 -0.002367 -0.003998847
20030618 0.004745 -0.004847588
20030619 -0.001771 0.001110094
20030620 0.004376 -0.002749734
20030623 -0.02049 0.004800165
20030624 0.00541 0.002018611
20030625 -0.013631 -0.00554018
20030626 0.022548 -0.00867642
20030627 -0.011025 -0.001177526
20030630 -0.011029 0.002577538
20030701 0.013212 -0.001119852
20030702 0.013758 0.001259746
20030703 -0.009323 -0.00524538
20030707 0.025491 -0.002196070
20030708 0.001859 -0.0007330965
20030709 -0.009043 0.001268481
20030710 -0.016848 0.001435670
20030711 0.010234 0.002668803
20030714 0.006243 -0.00396363
20030715 0.011941 -0.01016329
20030716 0.003471 -0.001224287
20030717 -0.039313 5.697681e-05
20030718 0.00468 -0.0008835056
20030721 -0.014572 -0.009770431
20030722 -0.007879 0.002214586
20030723 0.005498 0.002324348
20030724 -0.009599 -0.002784118
20030725 0.025028 -0.0004312266
20030728 -0.012089 -0.00565185
20030729 -0.008965 -0.005509496
20030730 -0.010269 0.003164422
20030731 0.003582 -0.009494203
20030801 0.000246 0.002834394
20030804 -0.001723 0.002651787
20030805 -0.015777 -0.005720305
20030806 0.000751 0.007581095
20030807 0.011787 0.003016419
20030808 0.002355 0.000839497
20030811 0.001731 -0.00362356
20030812 0.006048 0.0005806527
20030813 -0.003803 -0.01094374
20030814 0.004434 -0.002085568
20030815 0.00282 0.002789566
20030818 0.021152 0.003191103
20030819 -0.003951 0.005596377
20030820 -0.001683 -0.001949347
20030821 -0.002408 -0.003588573
20030822 0.001448 0.003122495
20030825 -0.012173 -0.003093267
20030826 0.006589 0.002189622
20030827 -0.006061 -0.002423465
20030828 -0.001219 0.006468931
20030829 0.001343 -0.001162487
20030902 0.045726 -0.005686556
20030903 0.006646 2.924447e-05
20030904 0.018302 0.004347896
20030905 -0.01092 0.00835078
20030908 0.024727 -0.001734004
20030909 0.003591 0.001098552
20030910 -0.017669 0.005129842
20030911 0.000911 -0.002763387
20030912 0.008872 0.003654102
20030915 -0.002368 0.002409571
20030916 0.020341 -0.002495734
20030917 0.003766 0.004813763
20030918 0.015116 0.0003429551
20030919 0.013913 0.001342110
20030922 -0.020262 -0.002743251
20030923 -0.000547 0.001915353
20030924 -0.021239 0.003677470
20030925 0.000112 0.001279663
20030926 -0.004026 0.004225458
20030929 0.004492 -0.002039603
20030930 -0.012521 0.007289403
20031001 0.022869 0.0004784487
20031002 -0.002988 -0.003410423
20031003 0.006217 -0.0100164
20031006 0.005958 0.003387855
20031007 0.005703 -0.004729084
20031008 0.010469 0.0006280331
20031009 -0.002266 -0.002628949
20031010 0.00238 0.002999874
20031013 0.005719 0.0004278197
20031014 -0.00515 -0.003914235
20031015 0.000216 -0.001977220
20031016 -0.037309 -0.003304079
20031017 -0.00056 0.004536718
20031020 -0.002578 0.001517212
20031021 -0.000787 0.0008291993
20031022 -0.005285 0.003509326
20031023 -0.003504 -0.001681798
20031024 0.003063 0.005888143
20031027 0.001131 -0.002726422
20031028 0.01559 0.004398356
20031029 -0.006229 -0.004398356
20031030 -0.002462 -0.002904992
20031031 0.00404 0.002421412
20031103 0.002235 -0.002849329
20031104 -0.006021 0.002934684
20031105 -0.007292 -0.002677912
20031106 0.011414 -0.003400440
20031107 -0.012089 -0.001518212
20031110 0.019148 -0.0008890801
20031111 -0.006559 0.0001434535
20031112 0.014884 0.003207977
20031113 0.004411 0.007464422
20031114 -0.009222 0.003428591
20031117 -0.004986 0.002740076
20031118 -0.009466 0.001015028
20031119 0.005059 -0.003500554
20031120 -0.011298 0.00375415
20031121 0.002715 0.000647787
20031124 0.011621 -0.003977831
20031125 -0.002565 0.002174252
20031126 0.005367 -0.002570078
20031128 0.007007 -0.004052088
20031201 0.005191 -0.002644113
20031202 -0.002857 0.001536142
20031203 -0.004959 -0.001650025
20031204 0.012403 0.002275184
20031205 -0.008532 0.008232595
20031208 0.006178 -0.00321707
20031209 -0.00625 -0.003369247
20031210 0.012137 0.001841752
20031211 0.007304 0.003504115
20031212 0.003355 0.0003384572
20031215 -0.006472 -0.0008463579
20031216 0.020302 0.002367999
20031217 -0.006172 0.002306222
20031218 -0.007173 0.002328943
20031219 0.004421 0.0008404539
20031222 0.002684 -0.001260946
20031223 -0.006425 -0.004918849
20031224 -0.005604 0.003965079
20031226 0.006828 0.002802614
20031229 0.006674 -0.003307920
20031230 -0.009517 -0.002305185
20031231 0.00054 0.001153257
20040102 -0.012192 -0.005864458
20040105 0.016384 0.0006501675
20040106 0.000107 0.005354841
20040107 -0.003009 0.001909523
20040108 0.002802 0.0001683124
20040109 -0.019669 0.008351887
20040112 0.003728 0.0008897292
20040113 -0.020208 0.002581291
20040114 0.0068 0.002076844
20040115 0.041081 0.0002765869
20040116 0.013827 -0.001716073
20040120 0.018674 -0.001053244
20040121 0.006179 0.0009701338
20040122 -0.001945 0.003153355
20040123 0.004 -0.004789268
20040126 0.019918 -0.003029337
20040127 -0.010516 0.00272404
20040128 -0.014373 -0.005762582
20040129 0.00647 0.000334971
20040130 0.012448 0.002981874
20040202 0.001612 -0.0003896465
20040203 0.006137 0.002585525
20040204 0.0019 -0.001278026
20040205 -0.013275 -0.002533092
20040206 0.002428 0.004449519
20040209 0.000101 0.001857371
20040210 0.00667 -0.001968368
20040211 0.003514 0.003960511
20040212 -0.006603 -0.002047537
20040213 0.004129 0.002185733
20040217 -0.00341 0.0002487047
20040218 -0.00956 0
20040219 -0.006299 0.0001381425
20040220 -0.00501 -0.002738780
20040223 -0.013873 0.003180708
20040224 0.008649 0.0006901216
20040225 -0.002583 0.0008826613
20040226 0.00259 -0.001186256
20040227 -0.002996 0.003554555
20040301 0.005596 0.0004399956
20040302 -0.002267 -0.002642882
20040303 0.000207 -0.0007169843
20040304 -0.004647 0.001984237
20040305 0.000622 0.00999885
20040308 -0.019285 0.002966675
20040309 -0.000634 0.002605582
20040310 -0.015551 -0.0008949032
20040311 -0.01988 -0.0006784905
20040312 0.022914 -0.0007061188
20040315 -0.015863 -0.0001901941
20040316 0.006861 0.0039865
20040317 0.010168 -0.0004872899
20040318 -0.005782 -0.002792957
20040319 -0.013247 -0.001657767
20040322 -0.006549 0.003583844
20040323 0.003296 0.0001354995
20040324 0.004928 0
20040325 0.006756 -0.0008675144
20040326 0.004113 -0.004430619
20040329 -0.00097 -0.001635858
20040330 -0.003884 -0.0004639801
20040331 -0.005199 0.003787419
20040401 0.005771 -0.003132451
20040402 0.019812 -0.01215929
20040405 -0.000212 -0.003541002
20040406 -0.005097 0.002269897
20040407 -0.006617 0.000387029
20040408 0.00043 -0.001382935
20040412 0.006658 -0.0008306798
20040413 -0.007467 -0.005026462
20040414 0.007094 -0.002592517
20040415 0.002882 -0.001396609
20040416 -0.017984 0.002819144
20040419 -0.003684 -0.0009202326
20040420 -0.014031 -0.002094593
20040421 0.006729 -0.001090924
20040422 -0.005698 0.002990207
20040423 0.005951 -0.004362545
20040426 -0.009312 0.001652176
20040427 0.00752 0.001537709
20040428 -0.007683 -0.004395735
20040429 -0.014711 -0.002950642
20040430 -0.010216 0.001687147
20040503 -0.001701 0.0005336704
20040504 0.011134 -0.001658119
20040505 -0.000449 -0.00273205
20040506 -0.004721 -0.001919712
20040507 -0.001924 -0.009226336
20040510 -0.014854 -0.0001426106
20040511 0.002878 0.0009123568
20040512 -0.003673 -0.001483003
20040513 0.004377 -0.002800882
20040514 -0.008946 0.003685245
20040517 -0.010184 0.004438508
20040518 0.006197 -0.001647915
20040519 0.011504 -0.002049473
20040520 0.00425 0.004009617
20040521 -0.003317 -0.001988581
20040524 -0.000344 0.001506003
20040525 0.01837 0.0009932883
20040526 -0.003946 0.002747682
20040527 0.002716 0.004177847
20040528 0 -0.003810174
20040601 -0.005305 -0.001613109
20040602 -0.001589 -0.001700825
20040603 -0.007161 0.0007940785
20040604 0.002404 -0.003236984
20040607 0.012334 0.001136977
20040608 0.015794 0.0005396118
20040609 0.000555 -0.002131742
20040610 0.004107 0.0008816713
20040614 -0.004311 -0.003788153
20040615 0.005218 0.009005359
20040616 -0.001767 -0.002151634
20040617 0.000664 0.00226475
20040618 -0.004202 -0.0007920792
20040621 -0.006329 0.001413987
20040622 0.005922 -0.0005936312
20040623 0.008554 0.0007066639
20040624 -0.008812 0.002680778
20040625 -0.004889 0.0001690712
20040628 -0.00938 -0.004376869
20040629 -0.004735 0.002430822
20040630 -0.001586 0.004141376
20040701 -0.007374 0.002667305
20040702 -0.005257 0.005257577
20040706 -0.015395 -0.0001394720
20040707 -0.004084 0.0002789245
20040708 -0.019918 0.0005297423
20040709 0.002869 0.0003901569
20040712 0.012636 0.001169558
20040713 0.003532 -0.001448226
20040714 -0.013138 -0.0002787456
20040715 -0.001308 8.363185e-05
20040716 0.003095 0.006557218
20040719 0.012103 0.000470686
20040720 0.012427 -0.004550002
20040721 -0.012274 -0.002031984
20040722 0.00891 0.001225251
20040723 -0.01406 0.001418302
20040726 0.002828 -0.001585293
20040727 0.009284 -0.005638378
20040728 -0.000349 0.0008393957
20040729 0.010716 0.0008386917
20040730 0.003457 0.005100843
20040802 -0.004364 0.0005281079
20040803 -0.011305 0.001554908
20040804 0.003034 -0.0001664817
20040805 -0.009073 0.001414212
20040806 -0.01796 0.00948711
20040809 0.000839 -0.0008237911
20040810 0.017235 -0.002337767
20040811 -0.015296 0.0006606293
20040812 -0.017684 0.001402390
20040813 0.020679 0.002387782
20040816 0.001311 -0.001728514
20040817 0.000238 0.002988719
20040818 0.01297 -0.0008764963
20040819 -0.002819 0.001040754
20040820 0.004241 -0.001013352
20040823 -0.007038 -0.001453349
20040824 0.000709 8.232147e-05
20040825 0.00425 0.001042152
20040826 -0.004467 0.002081052
20040827 0.002952 0.0001914582
20040830 -0.006357 0.002758396
20040831 0.003436 0.002750809
20040901 -0.00555 0.0002175628
20040902 0.004156 -0.002886555
20040903 -0.002128 -0.004975679
20040907 0.006873 0.002818946
20040908 0.010474 0.004118319
20040909 0.006755 -0.001525346
20040910 0.003702 0.001116999
20040913 -0.003112 0.001741118
20040914 0.002659 0.001385286
20040915 -0.004036 -0.001711515
20040916 -0.002895 0.004990518
20040917 -0.004413 -0.002844798
20040920 -0.000467 0.003872353
20040921 0.000233 0.0009454988
20040922 -0.016449 0.002292496
20040923 -0.0051 -0.001941539
20040924 0.006557 2.699165e-05
20040927 -0.003198 0.002076172
20040928 0.003802 -0.0008353431
20040929 0.005919 -0.003618887
20040930 0.008943 -0.001136979
20041001 0.01143 -0.003092618
20041004 0.005074 0.001031936
20041005 0.001836 0.0004070501
20041006 0.008246 -0.002580787
20041007 -0.007042 -0.001061412
20041008 -0.008122 0.005837411
20041011 -0.000923 0.0004330528
20041012 -0.007272 0.001784363
20041013 -0.01186 0.001214788
20041014 -0.002354 0.002909485
20041015 0.000826 -0.002127403
20041018 0.01261 0.0003503901
20041019 0.040154 0.001023514
20041020 -0.006154 0.001210703
20041021 -0.008106 -0.000376506
20041022 -0.008059 0.001155961
20041025 0.011901 0.001074114
20041026 0.006446 -0.0004295071
20041027 0.011236 -0.004682841
20041028 -0.005556 0.0007280866
20041029 0.002793 0.002987688
20041101 0.004011 -0.002960732
20041102 0.003995 0.000646726
20041103 0.008069 0.0009154797
20041104 0.012939 8.07374e-05
20041105 0.009742 -0.006344257
20041108 0.002895 -0.0009212345
20041109 0 -8.132616e-05
20041110 0.00257 -0.002171141
20041111 0.012605 0.0001358345
20041112 0.005591 0.003173271
20041115 0.006295 0.000703806
20041116 -0.010738 -0.0002435691
20041117 0.006007 0.003296677
20041118 -0.003771 0.001321022
20041119 -0.006835 -0.003751944
20041122 0.006988 0.001594272
20041123 0.001787 -0.0007292666
20041124 0.001889 -0.0005405406
20041126 -0.007752 -0.001840026
20041129 0.008235 -0.003391259
20041130 -0.013194 -0.0002989821
20041201 0.017402 -0.0004622391
20041202 -0.001252 -0.001170148
20041203 0.013784 0.006297182
20041206 0.006077 0.001703186
20041207 -0.016075 0.0004050934
20041208 0.005723 0.005143892
20041209 0.008898 -0.001370913
20041210 -0.008615 0.0003765162
20041213 -0.002276 0.0005107596
20041214 0.008917 0.001128123
20041215 0.000206 0.002547021
20041216 0.001233 -0.004939077
20041217 -0.012827 -0.001130826
20041220 0.003638 0.0008078632
20041221 0.004868 0.001452511
20041222 0.006081 -0.001021918
20041223 0.001127 -0.0005651922
20041227 -0.002251 -0.002857761
20041228 0.008205 2.699820e-05
20041229 -0.001221 -0.001377839
20041230 0.001222 0.002753781
20041231 0.002848 0.002450421
20050103 -0.00842 8.068095e-05
20050104 -0.010742 -0.003448186
20050105 -0.002068 0.0005125922
20050106 -0.003109 0.0002696799
20050107 -0.004366 -0.0004045471
20050110 -0.001044 0.0004854369
20050111 -0.007107 0.001562585
20050112 0.002211 0.0005651618
20050113 -0.007982 0.002472189
20050114 -0.003706 -0.001342823
20050118 0.008502 0.0008596143
20050119 -0.018967 0.0005368839
20050120 -0.001074 0.001501743
20050121 -0.006667 0.001472735
20050124 -0.006387 0.0008023965
20050125 0.004358 -0.002703971
20050126 -0.002603 -0.0001072386
20050127 0.000326 -0.0005363656
20050128 0.009893 0.003320839
20050131 0.005706 0.0002138694
20050201 0.00471 -0.0001603978
20050202 0.004688 -0.0001604235
20050203 -0.008059 -0.0008827897
20050204 0.01037 0.004566035
20050207 0.000212 0.001490789
20050208 -0.002327 0.0008508828
20050209 -0.015192 0.002786885
20050210 0.000647 -0.003877209
20050211 0.005821 -0.001704349
20050214 0.002894 0.001278534
20050215 0.008122 -0.001091979
20050216 0.003074 -0.002695096
20050217 -0.009195 -0.0006949642
20050218 -0.00512 -0.003455253
20050222 -0.010185 -0.0003757078
20050223 -0.002383 0.0008317348
20050224 0.005863 -0.0005096908
20050225 0.001727 0.0005096908
20050228 -0.002371 -0.003492562
20050301 0.007777 0.0001076455
20050302 -0.004073 -5.382131e-05
20050303 -0.005489 -0.0001883974
20050304 -0.000433 0.003653954
20050307 -0.008336 0.0006702323
20050308 0.005786 -0.00303303
20050309 0.002388 -0.00568819
20050310 0.00065 0.001890666
20050311 -0.009739 -0.003270406
20050314 0.004262 0.001244555
20050315 -0.005658 -0.001136272
20050316 -0.007989 0.0002435955
20050317 -0.008715 0.002081673
20050318 -0.006455 -0.001784025
20050321 0.002576 -0.0004059046
20050322 -0.000112 -0.003742073
20050323 0.011397 -0.001141677
20050324 0.001989 0.0007340847
20050328 0.003749 -0.001196563
20050329 -0.004833 0.001658488
20050330 0.000883 0.001465878
20050331 0.007719 0.002303056
20050401 -0.010287 0.002513753
20050404 -0.001327 -0.0007561641
20050405 -0.008304 -0.0003512707
20050406 -0.006364 0.001593239
20050407 -0.006292 -0.001971668
20050408 -0.009498 -0.0007843456
20050411 -0.015982 0.002162221
20050412 -0.00522 0.004095385
20050413 -0.013761 -0.0002958142
20050414 -0.010997 0.000591541
20050415 -0.082975 0.003488344
20050418 -0.000652 0.00160591
20050419 -0.015264 0.0035506
20050420 -0.045972 -0.001173240
20050421 0.028052 -0.004465547
20050422 0.002431 0.002515994
20050425 0.00539 0.0006146528
20050426 0.01099 -0.0005879209
20050427 0.021477 0.001629296
20050428 -0.014796 0.003117633
20050429 0.006191 -0.001677518
20050502 0.001702 0.0007991689
20050503 -0.000523 -0.000612639
20050504 0.007977 5.328786e-05
20050505 -0.020498 0.001517512
20050506 -0.00053 -0.005094091
20050509 -0.00372 0
20050510 -0.022406 0.003123543
20050511 -0.000273 0.001278636
20050512 -0.009006 0.001170649
20050513 0.007436 0.001779951
20050516 0.016129 0.0006898748
20050517 -0.000673 0.0006363854
20050518 0.027864 0.002382845
20050519 0.010477 -0.002064804
20050520 -0.00972 -0.000768772
20050523 0.001309 0.003256599
20050524 -0.009149 0.001743081
20050525 0.002506 -0.001558065
20050526 0.015 -0.0006609298
20050527 -0.000519 0.0004759135
20050531 -0.020104 0.004536232
20050601 0.017075 0.00566767
20050602 0.006637 0.0008892144
20050603 -0.020168 -0.004296462
20050606 -0.010424 0.001574019
20050607 0.000533 0.002670159
20050608 -0.003198 -0.001438906
20050609 0.001738 -0.002254083
20050610 -0.002135 -0.003838373
20050613 0.003745 -0.001344281
20050614 -0.002132 -0.002218057
20050615 0.018828 0.0003435927
20050616 0.00983 0.002428211
20050617 -0.008566 -0.0002109148
20050620 0.002095 -0.0005274818
20050621 -0.001829 0.002845102
20050622 0.010732 0.005168919
20050623 -0.023566 -0.000654476
20050624 -0.018565 0.002432487
20050627 -0.001757 0.001305347
20050628 0.01922 -0.003371274
20050629 -0.00757 -0.001257335
20050630 -0.007092 0.002434652
20050701 0.006334 -0.00461253
20050705 0.001607 -0.002709280
20050706 0.013638 0.001710594
20050707 0.02071 0.001418887
20050708 0.024813 -0.002997793
20050711 -0.004288 0.0006844988
20050712 0.013678 -0.001738490
20050713 0.017616 -0.000923154
20050714 0.011909 -0.0006071085
20050715 -0.000485 0.0003695882
20050718 -0.006919 -0.001479173
20050719 0.023102 0.00221794
20050720 0.010753 0.0008963409
20050721 -0.002364 -0.004913366
20050722 0.000474 0.002644595
20050725 -0.002842 -0.001004122
20050726 -0.00095 0.0003172002
20050727 -0.002972 -0.0011371
20050728 -0.000835 0.003433797
20050729 -0.004057 -0.004121974
20050801 -0.000359 -0.001298237
20050802 -0.001438 -0.0008222049
20050803 0.009003 0.001855632
20050804 -0.011182 -0.0009273858
20050805 0.002887 -0.003611742
20050808 0.002399 -0.000798467
20050809 0.001679 0.001277241
20050810 -0.017725 -5.318583e-05
20050811 0.007803 0.002921028
20050812 -0.005686 0.003916696
20050815 0.003772 -0.0007133893
20050816 -0.014545 0.002586914
20050817 0 -0.002164103
20050818 -0.001845 0.00287565
20050819 0.01984 0.0003950851
20050822 -0.001933 0.0001053297
20050823 -0.006901 0.001473452
20050824 -0.008655 0.0004468686
20050825 -0.002705 0.0009981614
20050826 -0.008878 -0.001497616
20050829 0.011943 0.001129988
20050830 -0.009835 0.004428786
20050831 0.000993 0.003471637
20050901 -0.013396 0.0008334853
20050902 -0.001006 -0.0008074284
20050906 0.019632 -0.002008373
20050907 -0.000494 -0.002849936
20050908 -0.002223 -0.0002356792
20050909 0.007921 0.000759212
20050912 0.000491 -0.001650057
20050913 -0.008959 0.001937884
20050914 -0.003344 -0.001387562
20050915 -0.00584 -0.002255620
20050916 0.003999 -0.002287037
20050919 -0.011204 0.001393875
20050920 -0.009191 -0.0003680046
20050921 -0.014485 0.002861608
20050922 0.008381 0.0006813775
20050923 -0.002685 -0.003253827
20050926 -0.007564 -0.001788862
20050927 0.007492 -0.0005004016
20050928 0.019361 0.002210411
20050929 0.010818 -0.001552040
20050930 -0.001742 -0.001712668
20051003 0.002867 -0.002217647
20051004 -0.004226 0.0006605282
20051005 -0.00362 0.0009503947
20051006 -0.001503 0.0002638383
20051007 0.010038 0.0003692567
20051010 0.009317 0.0004218408
20051011 0.023877 -0.001054936
20051012 -0.012021 -0.002748053
20051013 0.000122 -0.001694871
20051014 0.001825 -0.0006097965
20051017 0.002914 0.0004772637
20051018 0.010776 0.0006095057
20051019 0.008265 0.0009532637
20051020 -0.011881 7.939764e-05
20051021 0.001924 0.003513642
20051024 0.00168 -0.002297000
20051025 -0.001318 -0.002673268
20051026 -0.005638 -0.00419633
20051027 -0.006997 0.001303278
20051028 -0.010813 -0.0003721919
20051031 0.00565 0.0008239532
20051101 -0.003542 -0.0008505436
20051102 -0.006496 -0.001223925
20051103 0.022329 -0.001812029
20051104 0.001569 -0.0004535208
20051107 0.007349 0.001200048
20051108 -0.00311 0.003246238
20051109 -0.003728 -0.003006401
20051110 0.013882 0.003245461
20051111 0.006668 0.0001327863
20051114 -0.002247 -0.001834009
20051115 0.013869 0.002524214
20051116 0.011809 0.003628999
20051117 0.004044 0.001638002
20051118 0.010128 -0.001823106
20051121 -0.005469 0.001981480
20051122 0.008019 0.001766808
20051123 0.009206 -0.002400455
20051125 0 0.002479493
20051128 0.003491 0.001737254
20051129 -0.000112 -0.003767872
20051130 -0.002245 -0.0009507964
20051201 0.003487 -0.001083954
20051202 -0.006277 0.0003173764
20051205 -0.002482 -0.001455470
20051206 0.008029 0.003674288
20051207 -0.004712 -0.0009239095
20051208 -0.013751 0.002821843
20051209 -0.006057 -0.003297330
20051212 -0.011613 -0.0001056943
20051213 -0.026175 0.0007660305
20051214 -0.006929 0.004031785
20051215 0.004812 -0.0007366289
20051216 -0.001915 0.0009732873
20051219 -0.007317 0.0004994283
20051220 -0.003383 -0.001130642
20051221 0.007759 -0.0008685697
20051222 0.001203 0.002734757
20051223 0.003124 0.002543963
20051227 -0.00587 0.00230234
20051228 0.000603 -0.001621551
20051229 -0.007707 5.234917e-05
20051230 -0.002427 -0.0009951031
20060103 -0.001703 0.002041511
20060104 -0.00134 0.0007318348
20060105 0.006711 -0.0001306455
20060106 0.029697 -0.001124257
20060109 -0.014361 0.0006276479
20060110 0.004061 -0.002093694
20060111 0.001189 -0.001468198
20060112 -0.007128 0.002410903
20060113 -0.004786 0.002822793
20060117 -0.002044 0.001356286
20060118 0.009639 -0.0002606814
20060119 -0.008473 -0.00159163
20060120 -0.020821 0.001096148
20060123 0.000615 0.0005476237
20060124 -0.006879 -0.001121647
20060125 0.000742 -0.003843996
20060126 -0.002348 -0.001651961
20060127 0.003716 0.0009967475
20060130 0.007529 -0.0009705046
20060131 -0.004043 0.000472255
20060201 0.007872 -0.001811523
20060202 -0.008665 0.0004203557
20060203 -0.015512 0.001548536
20060206 -0.005752 0
20060207 0.004276 -0.0009445845
20060208 0.014402 -0.001365977
20060209 -0.004951 0.001339726
20060210 0.011567 -0.001550042
20060213 -0.010943 0.0006833653
20060214 0.00808 -0.001156738
20060215 -0.00296 0.0003419028
20060216 0.000742 0.000473211
20060217 -0.002472 0.002860782
20060221 -0.002602 -0.0006554197
20060222 0.010559 0.001493731
20060223 -0.014136 -0.001651095
20060224 -0.001247 0.000288483
20060227 0.006617 -0.0004983411
20060228 -0.004837 0.002358368
20060301 -0.004237 -0.001257104
20060302 0.000501 -0.001862369
20060303 0.00025 -0.001865844
20060306 5e-04 -0.00197475
20060307 0.003625 0.0002371760
20060308 0.010587 0.0002634630
20060309 -0.001479 0.0005003885
20060310 0.006788 -0.0008165524
20060313 0.004413 -0.0004744333
20060314 0.011595 0.003894229
20060315 0.006033 -0.001235038
20060316 -0.006117 0.003883908
20060317 0.005189 -0.0008122732
20060320 0.003361 0.001100341
20060321 0.002752 -0.002753125
20060322 0.007636 0.0004200137
20060323 -0.014802 -0.001549675
20060324 0.001923 0.003201766
20060327 -0.003359 -0.0009699449
20060328 -0.007824 -0.003310130
20060329 0.008492 -0.001290238
20060330 0.000842 -0.001872487
20060331 -0.008774 0.0004750469
20060403 0.007154 -0.0006862512
20060404 0.004695 0.0006598657
20060405 0.008628 0.001687275
20060406 -0.004277 -0.002320737
20060407 -0.015869 -0.002829081
20060410 -0.004607 0.0005558717
20060411 -0.011449 0.001454392
20060412 -0.005052 -0.002275073
20060413 0.015232 -0.002439543
20060417 -0.004147 0.002148172
20060418 0.020456 0.001958502
20060419 -0.017405 -0.002064476
20060420 0.001955 -0.0003444941
20060421 -0.004389 0.0009801715
20060424 0.005511 0.001983891
20060425 0.00682 -0.003892137
20060426 0.008225 -0.001380446
20060427 0.006359 0.001619176
20060428 -0.01836 0.001404699
20060501 -0.001336 -0.002359961
20060502 0.002311 0.001008305
20060503 0.003397 -0.001406601
20060504 -0.003265 -0.0002921841
20060505 0.010312 0.002202556
20060508 -0.001081 0
20060509 0.004102 -0.0002385971
20060510 -0.003965 0.0001590710
20060511 -0.005308 -0.00108749
20060512 -0.000849 -0.002231729
20060515 0.006069 0.002337877
20060516 -0.008807 0.002411843
20060517 -0.010833 -0.003155120
20060518 -0.007506 0.004186989
20060519 -0.004711 0.0009515503
20060522 -0.003239 0.00142563
20060523 -0.002374 -0.001293542
20060524 -0.000626 0.001689190
20060525 0.004512 -0.001662774
20060526 0.007612 0.001108823
20060530 -0.007306 -0.001003168
20060531 -0.003244 -0.001586001
20060601 0.009887 0.0004231797
20060602 -0.0145 0.005932076
20060605 -0.005785 -0.001078337
20060606 0.008854 0.0008154354
20060607 -0.007648 -0.0008417509
20060608 -0.026785 0.00118351
20060609 0.007789 0.0007356999
20060612 -0.007858 -2.626568e-05
20060613 -0.001168 0.001364901
20060614 0.010139 -0.004548151
20060615 0.010938 -0.002136612
20060616 -0.007765 -0.001162545
20060619 -0.003592 -0.0008727966
20060620 0.00412 -0.0004234485
20060621 0.003975 0.0002911401
20060622 -0.014176 -0.001907184
20060623 -0.001166 -0.00114075
20060626 0.000649 -0.0006107033
20060627 -0.00674 0.00180448
20060628 -0.000913 -0.001671687
20060629 0.013453 0.002811076
20060630 -0.009924 0.003304827
20060703 0.015621 5.278856e-05
20060705 -0.003204 -0.00346355
20060706 0.004115 0.002222282
20060707 -0.021386 0.002849982
20060710 0.003271 0.0004742083
20060711 -0.002609 0.001605369
20060712 -0.012946 0.0002103492
20060713 -0.016428 0.001733695
20060714 -0.009025 0.0007608254
20060717 0.001767 5.244939e-05
20060718 0.007598 -0.003072925
20060719 0.024374 0.003859336
20060720 -0.007756 0.001780245
20060721 -0.008214 -0.0007588346
20060724 0.015095 0.0004187386
20060725 -0.001316 -0.001230544
20060726 -0.000791 0.001989061
20060727 0.00422 0.0001045779
20060728 0.010637 0.002819477
20060731 0.005847 0.0007817794
20060801 -0.016406 0.0002604574
20060802 0.002364 0.001197231
20060803 0.000131 0.0004940904
20060804 -0.005502 0.002803886
20060807 -0.005138 -0.0007002347
20060808 0.001457 0.0006743089
20060809 0.000796 -0.0004408428
20060810 0.004643 -0.0003891404
20060811 -0.003433 -0.002051975
20060814 0.015898 -0.0007282943
20060815 0.005217 0.004076816
20060816 0.026077 0.003156536
20060817 0.00354 0.0003099414
20060818 0.006678 0.001651400
20060821 -0.00776 0.001416996
20060822 -0.004162 0.0002831585
20060823 -0.003547 -0.0002831585
20060824 0.009025 0.0004633085
20060825 0.006299 0.0009773915
20060828 0.005508 -0.0002056873
20060829 0.013446 0.0007968026
20060830 -0.002211 0.001489089
20060831 -0.003078 0.001896658
20060901 0.005434 0.0005887699
20060905 -0.006879 -0.002049391
20060906 -0.00705 -0.0008465989
20060907 -0.010962 0.0004618701
20060908 0.015869 0.001589255
20060911 0.003347 -0.001178883
20060912 0.016681 0.001563001
20060913 -0.000851 0.0007166257
20060914 0.003163 -0.001203200
20060915 0.005699 -0.0003074322
20060918 -0.00844 -0.0002818959
20060919 -0.004499 0.003837205
20060920 0.018932 0.0005360356
20060921 -0.021697 0.004176328
20060922 -0.004901 0.002385909
20060925 0.009728 0.002557255
20060926 0.006098 -0.001290470
20060927 -0.00497 -5.06406e-05
20060928 -0.001218 -0.001393623
20060929 -0.00061 -0.0002535947
20061002 -0.000854 0.001596574
20061003 -0.002687 0.0002531902
20061004 0.017759 0.002604135
20061005 -0.002166 -0.002173859
20061006 0.002653 -0.004514451
20061009 0.010344 0.0004320368
20061010 0.002262 -0.002518605
20061011 0 -0.001657086
20061012 0.006058 0.000484663
20061013 0.016293 -0.001327005
20061016 0.007319 0.001429009
20061017 0.002768 0.0008156607
20061018 0.033008 0.0005603811
20061019 0.000445 -0.0008406894
20061020 0.0069 0.0003567424
20061023 0.011936 -0.001657381
20061024 -0.000765 0.0001531042
20061025 0.003716 0.002421031
20061026 -0.003158 0.00327815
20061027 -0.008521 0.002407289
20061030 0.008153 0.0007337036
20061031 0.009071 0.003635266
20061101 -0.00574 0.002365912
20061102 -0.001307 -0.001660587
20061103 -0.002945 -0.005833865
20061106 0.013018 0.0009114155
20061107 0.00162 0.002678799
20061108 0.001509 0.001689509
20061109 -0.001836 2.519495e-05
20061110 -0.007141 0.002114112
20061113 0.003378 -0.0002765939
20061114 0.013251 0.001708629
20061115 -0.001929 -0.002463365
20061116 0.003866 -0.001838907
20061117 0.003637 0.003096484
20061120 -0.005969 0.0007537878
20061121 -0.001823 0.001004167
20061122 0.004727 0.0006772434
20061124 -0.001818 0.001328071
20061127 -0.020354 0.001001151
20061128 -0.001093 0.001799551
20061129 0.001861 -0.0004246019
20061130 0.004371 0.003217482
20061201 -0.007289 0.002362862
20061204 0.024767 0.0003974069
20061205 0.010373 -0.0001738461
20061206 -0.00381 -0.001988962
20061207 0.001169 9.95421e-05
20061208 -0.003927 -0.003414972
20061211 -0.002344 0.001796184
20061212 0.005126 0.001643672
20061213 0.006906 -0.004214207
20061214 0.006226 -0.001075094
20061215 -0.000629 0.0001750941
20061218 0.001469 0.000825031
20061219 0.005868 -0.00039993
20061220 0 0.0002999625
20061221 -0.000937 0.002695621
20061222 -0.006881 -0.003445696
20061226 0.004305 0.001499588
20061227 0.016099 -0.002575678
20061228 -0.002366 -0.001252725
20061229 0.001856 -0.0005516965
20070103 0.001235 0.003180608
20070104 0.010692 0.002522258
20070105 -0.009053 -0.001073055
20070108 0.015192 2.496785e-05
20070109 0.01183 0.0002496443
20070110 -0.011792 -0.00094898
20070111 -0.002427 -0.002727081
20070112 0.006994 -0.001504325
20070116 0.014898 0.001554430
20070117 -0.007935 -0.001930866
20070118 -0.005699 0.001705372
20070119 -0.032981 -0.0009275625
20070122 0.009774 0.001077897
20070123 -0.000309 -0.001830607
20070124 0.003296 -0.0001255067
20070125 0.001129 -0.002513448
20070126 -0.000615 -0.0006293504
20070129 0.011185 -0.001385967
20070130 0.008423 0.000857006
20070131 -0.002214 0.002491225
20070201 -0.001513 -0.0004022021
20070202 0.001717 0.0005781146
20070205 0.012201 0.001481463
20070206 -0.00528 0.00225564
20070207 -1e-04 0.001300943
20070208 0.000804 0.0004749228
20070209 -0.010741 -0.002527181
20070212 0.000304 -0.0004259958
20070213 -0.002942 -0.000401103
20070214 0.009258 0.004428273
20070215 -0.002823 0.001471744
20070216 0.000708 0.0008969504
20070220 0.003637 0.001095181
20070221 -0.002617 -0.0004727721
20070222 -0.005954 -0.001968137
20070223 -0.007817 0.002888592
20070226 -0.00839 0.002880272
20070227 -0.030441 0.007336899
20070228 -0.010856 -0.002118958
20070301 -0.007209 0.0001726413
20070302 -0.014848 0.002217023
20070305 0.010011 -0.0007630864
20070306 0.021675 -0.0003694445
20070307 0.001493 0.001649130
20070308 -0.010006 -0.0002705661
20070309 0.003011 -0.004166108
20070312 0.008898 0.002491890
20070313 -0.014876 0.002706894
20070314 0.011326 -0.001204893
20070315 -0.003306 -0.0007137847
20070316 -0.00214 -0.0004432952
20070319 0.007936 -0.0008132185
20070320 0.005426 0.0009610054
20070321 0.009101 0.001673393
20070322 -0.001783 -0.003053588
20070323 -0.001681 -0.001085776
20070326 -0.000316 0.001726818
20070327 -0.002842 -0.0009370454
20070328 -0.004961 -9.868746e-05
20070329 0.003289 -0.000691085
20070330 -0.003278 -0.0007656874
20070402 0.010078 0.0007903772
20070403 0.009348 -0.001037498
20070404 0.001145 0.00074118
20070405 0.003222 -0.001037806
20070409 0.001036 -0.003343118
20070410 -0.001656 0.001759626
20070411 -0.013477 -0.0005944567
20070412 0.005359 7.432642e-05
20070413 -0.007735 -0.001090675
20070416 0.013168 0.001759364
20070417 0.009773 0.002818435
20070418 -0.023888 0.002071671
20070419 -0.00538 -0.0005175154
20070420 0.003076 0.0001232423
20070423 0.006661 0.001477724
20070424 0.03445 0.001893218
20070425 0.030155 -0.001228954
20070426 -0.005519 -0.002092695
20070427 0.002676 -0.0003450996
20070430 0.01028 0.003199924
20070501 0.009392 -4.915213e-05
20070502 -0.009208 -0.0002703799
20070503 0.005674 -0.001303765
20070504 0.001556 0.001893591
20070507 0.001943 0.0005649232
20070508 0.005138 0.0001964202
20070509 0.010553 -0.001842956
20070510 0.002874 0.001106181
20070511 0.012419 -0.000884847
20070514 -0.003869 -0.0004427173
20070515 -0.00701 -0.001206169
20070516 0.009921 0.0005909584
20070517 -0.00529 -0.002143888
20070518 0.025449 -0.002148494
20070521 -0.008797 0.001087171
20070522 -0.003176 -0.00205179
20070523 -0.010497 -0.001138952
20070524 -0.015439 0.0002229406
20070525 0.011833 -0.0002724897
20070529 0.006941 -0.000619571
20070530 0.009631 0.0001487321
20070531 -0.003086 -0.0006694685
20070601 -0.000563 -0.003055485
20070604 -0.00291 0.002013198
20070605 -0.003671 -0.002286908
20070606 -0.032407 0.0002985892
20070607 -0.005956 -0.006063876
20070608 0.012475 -0.0004506422
20070611 0.001455 -0.0002253973
20070612 -0.008526 -0.005021982
20070613 0.007622 0.002263013
20070614 0.007079 -0.0009045909
20070615 0.01194 0.002410426
20070618 0.002284 0.001628767
20070619 0.011108 0.002775314
20070620 -0.004695 -0.001599241
20070621 0.00566 -0.001576754
20070622 -0.020263 0.001551746
20070625 0.006319 0.003495110
20070626 0.002188 -0.001671136
20070627 0.000949 0.001895404
20070628 0.004932 -0.002195007
20070629 -0.006607 0.004186296
20070702 -0.00228 0.002012148
20070703 0.014951 -0.002335463
20070705 0.013792 -0.004662362
20070706 0.00907 -0.002101419
20070709 -0.00055 0.002276338
20070710 -0.00312 0.005606164
20070711 0.004327 -0.001840339
20070712 0.00165 -0.001968431
20070713 -0.006223 0.0006981151
20070716 0.009761 0.003830946
20070717 0.010122 -0.002137550
20070718 0.002799 0.003229415
20070719 0.043032 -0.000893256
20070720 -0.009063 0.002751647
20070723 0.013675 -7.426938e-05
20070724 -0.001804 0.001187649
20070725 0.016614 0.001729463
20070726 -0.013294 0.005735189
20070727 -0.007809 -0.002309810
20070730 -0.009514 -0.0005413652
20070731 -0.033793 0.001770652
20070801 0.012562 0.0005895213
20070802 0.010621 -0.0001227883
20070803 -0.011834 0.001791214
20070806 0.017875 -0.001422894
20070807 -0.003161 -0.0006876397
20070808 -0.001321 -0.005567614
20070809 -0.019915 0.003329514
20070810 0.017249 0.0009843974
20070813 0.000621 0.0005901736
20070814 -0.005856 0.002062869
20070815 -0.007318 0.001421883
20070816 -0.013845 0.004911973
20070817 0.011031 -0.003638899
20070820 -0.015149 0.002663313
20070821 -0.001648 0.002485866
20070822 0.008804 -0.002168696
20070823 0.013182 0
20070824 0.016061 -0.001171589
20070827 0.001766 0.002390537
20070828 -0.012694 0.003842137
20070829 0.022946 -0.001408690
20070830 0.006983 0.002136545
20070831 0.011441 -0.001237669
20070904 0.012855 -0.0001942832
20070905 -0.002623 0.004894132
20070906 -0.002206 -0.003486433
20070907 -0.017599 0.006599408
20070910 0.002164 0.001925670
20070911 0.013385 -0.002263044
20070912 -0.011504 -0.002171554
20070913 -0.000431 -0.003750988
20070914 -0.007072 0.001187318
20070917 -0.005298 0.0001695018
20070918 0.018425 0.0004357299
20070919 0.000343 -0.002204805
20070920 0.001629 -0.006009093
20070921 -0.000685 0.00353198
20070924 -0.004538 0.000777794
20070925 0.002237 0.001311157
20070926 0.006781 4.852838e-05
20070927 0.003495 0.002834819
20070928 0.000765 0.0001935406
20071001 0.010441 0.001474517
20071002 -0.005629 0.001520582
20071003 -0.01656 -2.411818e-05
20071004 -0.0061 0.001446062
20071005 0.005273 -0.005409335
20071008 0.01264 0.0004357615
20071009 0.0045 -0.0004841912
20071010 0.002705 0.0006536027
20071011 -0.004805 -0.0004841091
20071012 -0.002033 -0.001211299
20071015 0.001867 0.001041806
20071016 0.013302 0.001161665
20071017 -0.03194 0.005403332
20071018 -0.008464 0.002186791
20071019 -0.021951 0.004908837
20071022 0.009708 0.0003104811
20071023 0.011555 9.551326e-05
20071024 -0.015085 0.004122243
20071025 -0.001239 -0.001118236
20071026 0.008155 -0.001405515
20071029 0.009408 0.0005481476
20071030 -0.005923 -0.0003812883
20071031 0.017525 -0.004754462
20071101 -0.021271 0.005755034
20071102 0.008271 0.003707669
20071105 -0.010385 -0.0009493747
20071106 -0.002028 -0.001330641
20071107 -0.014933 0.001401875
20071108 -0.044743 0.002513696
20071109 -0.055186 0.002365633
20071112 0.011928 0.0004252203
20071113 0.037654 -0.003027725
20071114 -0.017384 -0.0001895375
20071115 0.001547 0.006047453
20071116 0.011487 -4.710427e-05
20071119 -0.024525 0.004441579
20071120 0.011739 0.001452739
20071121 -0.011603 0.001731157
20071123 0.017903 4.674645e-05
20071126 -0.01999 0.008958236
20071127 0.018241 -0.004946194
20071128 0.034094 -0.004970781
20071129 0.001211 0.002523484
20071130 -0.021581 -0.0008871665
20071203 0.00618 0.004823217
20071204 0.007559 -0.0005347656
20071205 0.014349 -0.001070390
20071206 0.014238 -0.005111758
20071207 -0.007657 -0.006385448
20071210 0.004869 -0.001154667
20071211 -0.02194 0.008452342
20071212 0.013833 -0.003912066
20071213 -0.002674 -0.004563855
20071214 -0.022278 -0.003495764
20071217 -0.011724 0.002599368
20071218 0.017029 0.004262491
20071219 0.007807 0.002605054
20071220 0.015867 0.002317715
20071221 0.020305 -0.007322601
20071224 0.005403 -0.001933461
20071226 -0.000806 -0.003593894
20071227 -0.017569 0.004325276
20071228 0.004471 0.005386284
20071231 -0.018076 0.00360597
20080102 -0.031545 0.007776342
20080103 0.002006 6.957409e-05
20080104 -0.035939 0.002084975
20080107 -0.010679 0.001526224
20080108 -0.024588 -0.005212629
20080109 0.007378 0.001926045
20080110 0.016377 -0.005462907
20080111 -0.022518 0.003954873
20080114 0.053855 0.001716659
20080115 -0.010687 0.004140314
20080116 -0.001964 -0.001339678
20080117 -0.005215 0.002585353
20080118 0.02275 -0.0009225731
20080122 -0.021083 0.006119182
20080123 0.048212 0.004462199
20080124 0.007634 -0.01016612
20080125 -0.022355 0.003637707
20080128 0.004401 0.0003216912
20080129 0.010669 -0.003521252
20080130 -0.004241 -0.003649386
20080131 0.013819 0.005561146
20080201 0.018392 0.003858437
20080204 -0.010543 -0.002363823
20080205 -0.026962 0.004539106
20080206 -0.009808 -0.001190095
20080207 -0.012067 -0.006202211
20080208 0.009087 0.003427457
20080211 0.018108 0.002018766
20080212 0.01322 -0.003949579
20080213 0.017741 0.0001150338
20080214 -0.021122 -0.006138245
20080215 0.000283 0.001618984
20080219 -0.010927 -0.004957731
20080220 0.027143 -0.001720091
20080221 -0.00853 0.007047507
20080222 0.010661 -0.0007395083
20080225 0.018599 -0.006075381
20080226 0.039062 0.002508829
20080227 0.018185 0.0006957813
20080228 -0.010476 0.006009911
20080229 -0.011975 0.008010785
20080303 0.00325 -0.0005945847
20080304 0.012956 -0.00412608
20080305 -0.002766 -0.006498617
20080306 -0.024872 -9.248341e-05
20080307 0.01262 0.003370115
20080310 0.000614 0.002048827
20080311 0.021752 -0.00868446
20080312 0.004979 0.007579996
20080313 -0.009909 -0.002581836
20080314 -0.005866 0.005409587
20080317 0.002776 0.004100949
20080318 0.024751 -0.003963214
20080319 -0.012415 0.005950355
20080320 0.011886 0.001504857
20080324 0.006169 -0.01007542
20080325 -0.009155 0.0005061893
20080326 -0.008985 0.001448126
20080327 -0.01189 -0.001632166
20080328 -0.008224 0.002321013
20080331 0.004975 0.002865102
20080401 0.011725 -0.006452302
20080402 -0.014422 -0.001936913
20080403 0.010539 0.00117643
20080404 -0.002241 0.007075447
20080407 0.004751 -0.002750718
20080408 -0.000344 0.0006883892
20080409 0.0043 0.005695414
20080410 0.017213 -0.004686633
20080411 -0.023405 0.001419739
20080414 0.011034 -0.0008699236
20080415 -0.000938 -0.003395355
20080416 0.028164 -0.007820921
20080417 0.021665 -0.002411651
20080418 0.010725 0.001322491
20080421 -0.000402 0.002732242
20080422 -0.005468 -0.0007402096
20080423 -0.000566 -0.0005323643
20080424 0.004773 -0.005269462
20080425 -0.008938 -0.001887035
20080428 -0.011293 0.002840845
20080429 0.009532 0.001928103
20080430 -0.017501 0.00407625
20080501 0.024109 0.0003466405
20080502 -0.003479 -0.003309537
20080505 -0.009336 4.636284e-05
20080506 0.006474 -0.002018773
20080507 0.014818 0.00164781
20080508 0.006283 0.003703451
20080509 -0.006884 0.001615957
20080512 0.009512 0.0004381666
20080513 0.010699 -0.007684156
20080514 0.007426 -0.002000140
20080515 0.007371 0.004923373
20080516 -0.004982 0.001018802
20080519 -0.010405 0.001179586
20080520 -0.010357 0.002677810
20080521 -0.012462 -0.002516015
20080522 0.008736 -0.007283556
20080523 -0.00401 0.004714854
20080527 0.025121 -0.004901117
20080528 0.017436 -0.004223502
20080529 0.001312 -0.00299759
20080530 -0.002159 0.002319235
20080602 -0.015993 0.004459342
20080603 0.003769 0.004346772
20080604 -0.002268 -0.002787199
20080605 0.007213 -0.003121581
20080606 -0.027477 0.005096649
20080609 0.007364 -0.004093886
20080610 0.000636 -0.006430439
20080611 -0.021359 0.00138311
20080612 0.004868 -0.006580981
20080613 0.018571 -0.002289978
20080616 0.004439 0.001511502
20080617 -0.012706 0.001674154
20080618 -0.007514 0.004747811
20080619 0.006926 -0.002747222
20080620 -0.018237 0.00277067
20080623 0.005866 -0.002394536
20080624 0 0.003613077
20080625 0.009072 -0.0001405251
20080626 -0.027693 0.001380973
20080627 -0.008916 0.001706026
20080630 -0.012661 0
20080701 0.006243 -0.001822984
20080702 -0.001425 0.002523248
20080703 0.003694 -0.0004434435
20080707 0.016396 0.003937426
20080708 0.019588 0.001487058
20080709 -0.028092 0.002504407
20080710 0.02309 -0.0006486887
20080711 -0.008605 -0.007630428
20080714 -0.004749 0.004450406
20080715 0.013658 0.0009062918
20080716 0.02224 -0.004796396
20080717 0.004605 -0.005312129
20080718 0.026636 -0.001925878
20080721 -0.00947 0.0008694529
20080722 0.010415 -0.001245667
20080723 -0.003692 -0.001953884
20080724 0.003706 0.008073266
20080725 -0.011308 -0.00447449
20080728 -0.017739 0.005315612
20080729 0.011168 -0.0008177475
20080730 0.0094 -0.0002103861
20080731 -0.006829 0.003360877
20080801 -0.01047 0.002164579
20080804 0.007265 -0.000790808
20080805 0.01027 -0.001327171
20080806 0.00613 -0.001935703
20080807 -0.000852 0.007488755
20080808 -0.00186 -0.0006257895
20080811 -0.017157 -0.002786034
20080812 -0.0109 0.004662229
20080813 0.004632 -0.002734395
20080814 0.009062 0.002664969
20080815 -0.004569 0.002334694
20080818 -0.014008 0.001799308
20080819 -0.016293 -0.002492213
20080820 -0.000408 0.001662165
20080821 0.003918 -0.002818074
20080822 0.015774 -0.001805890
20080825 -0.016569 0.005154353
20080826 -0.00293 -0.0002305688
20080827 0.007184 0.001129280
20080828 0.009726 -0.001175400
20080829 -0.022877 -0.000784368
20080902 -0.027273 0.004145561
20080903 -0.000591 0.002135159
20080904 -0.028224 0.001581209
20080905 -0.005826 -0.0008475839
20080908 0.02589 0.0007101866
20080909 -0.019183 0.004273364
20080910 0.026078 -0.002374376
20080911 0.009827 -0.0007317129
20080912 -0.001929 -0.007669383
20080915 -0.031773 -0.001984311
20080916 0.007466 -0.02365094
20080917 -0.039466 -0.005311468
20080918 0.032744 -0.01787111
20080919 0.032401 -0.002714495
20080922 -0.022213 0.00867501
20080923 -0.007314 -0.003808702
20080924 0.009535 0.005227227
20080925 0.031341 -0.01447161
20080926 -0.005745 -0.009010835
20080929 -0.041534 0.007400725
20080930 0.021842 -0.01122049
20081001 -0.058396 -0.006092445
20081002 -0.048942 0.01003518
20081003 -0.012412 0.001744622
20081006 -0.027262 0.005484295
20081007 -0.049394 0.001122526
20081008 -0.053319 -0.01157841
20081009 -0.017118 -0.005542099
20081010 -0.014045 -0.01799956
20081013 0.050826 0.0004798404
20081014 0.015074 0.006317427
20081015 -0.056731 0.004930495
20081016 0.036584 -0.004052741
20081017 -0.008086 -0.006488467
20081020 0.019057 0.003903156
20081021 -0.039455 0.008583529
20081022 -0.059194 0.002140636
20081023 0.008971 0.001590062
20081024 -0.02703 -0.01186194
20081027 -0.029365 -0.003195494
20081028 0.095656 0.0009823802
20081029 0.010541 -0.0007303958
20081030 0.028231 0.0001007760
20081031 0.025141 -0.0004283681
20081103 -0.003119 0.006105777
20081104 0.007769 0.009548456
20081105 -0.037045 0.006874069
20081106 -0.047698 2.464177e-05
20081107 0.013153 -0.002467188
20081110 -0.02782 0.005911056
20081111 -0.013473 0.0001473297
20081112 -0.036258 0.008605568
20081113 0.056057 -0.003560372
20081114 -0.046075 0.003901112
20081117 -0.035479 0.002940142
20081118 0.033557 0.00705982
20081119 -0.051324 0.001733144
20081120 -0.05568 0.003720912
20081121 0.043769 -0.008518472
20081124 0.066907 0.001521317
20081125 0.009513 0.008529502
20081126 0.012647 0.005225807
20081128 -0.000857 0.001830914
20081201 -0.057598 0.009951742
20081202 0.038231 0.000940402
20081203 0.010396 0.002886208
20081204 -0.04004 0.004698631
20081205 0.040677 -0.00331714
20081208 0.052984 -0.002014335
20081209 -0.025572 0.005937649
20081210 0.002056 0.0003262491
20081211 -0.027516 0.003813869
20081212 0.020104 0.001970992
20081215 0.006934 0.00303006
20081216 0.043857 0.009172794
20081217 -0.006482 0.009338837
20081218 -0.021435 0.01098057
20081219 -0.005714 0
20081222 -0.018319 2.242379e-05
20081223 -0.016953 -0.0009646772
20081224 -0.000993 0.001009523
20081226 0.01006 0.002373968
20081229 -0.000984 0.003193714
20081230 0.028308 0.002205073
20081231 0.007301 -0.003298274
20090102 0.038142 -0.007956026
20090105 -0.006295 -0.0006077044
20090106 0.027759 -0.009432858
20090107 -0.016138 0.001113042
20090108 -0.006948 -0.002659727
20090109 -0.028447 0.002182861
20090112 0.011924 0.002268758
20090113 -0.004317 0.0006116832
20090114 -0.025193 -0.0004757212
20090115 0.011179 -0.003313666
20090116 0.00951 0.001658206
20090120 -0.034621 -0.005028509
20090121 0.11515 -0.009764897
20090122 -0.014767 -0.001221578
20090123 -0.006439 -0.003187732
20090126 0.023578 -4.62738e-05
20090127 0.000655 0.007537464
20090128 0.034475 -0.004188150
20090129 -0.024362 -0.007499514
20090130 -0.009296 0.0002323096
20090202 -0.007856 0.005813364
20090203 0.028044 -0.008232026
20090204 -0.006953 -0.003265157
20090205 -0.004524 0.002543076
20090206 0.045774 -0.002870179
20090209 0.007073 -0.0004440964
20090210 -0.036666 0.01111303
20090211 0.020264 0.006774376
20090212 -0.000946 0.001124614
20090213 -0.012938 -0.009541881
20090217 -0.033781 0.01006933
20090218 0.009264 -0.006440061
20090219 -0.028194 -0.008504379
20090220 -0.001574 0.002022574
20090223 -0.04978 0.0006036544
20090224 0.024061 -0.009889985
20090225 -0.005787 -0.01209821
20090226 0.035739 -0.0006645622
20090227 0.034394 -0.003186534
20090302 -0.032381 -0.001525517
20090303 -0.014374 -0.02119096
20090304 0.019597 -0.05514529
20090305 -0.022461 0.0006177288
20090306 -0.01909 -0.0006692235
20090309 -0.027153 -0.004076478
20090310 0.04516 0.006391115
20090311 0.015702 0.00312909
20090312 0.020086 0.02213477
20090313 -0.000442 0.006466374
20090316 0.009517 0.01457608
20090317 0.018527 0.002474066
20090318 -0.010333 0.0226653
20090319 0.007722 -0.000287047
20090320 -0.001619 0.0005261899
20090323 0.06702 0.001672401
20090324 -0.004154 0.003812161
20090325 -0.003561 -0.003096273
20090326 0.008474 0.004332102
20090327 -0.046872 0.0004036902
20090330 0.00393 -2.374197e-05
20090331 0.025074 -0.001496882
20090401 0.007431 0.004294551
20090402 0.032886 -0.006532167
20090403 0.013886 -0.01010763
20090406 -0.006457 -0.001132080
20090407 -0.027668 0.000698669
20090408 0.024709 0.006266151
20090409 0.00504 -0.003212200
20090413 -0.017207 0.006700353
20090414 -0.006803 0.004236286
20090415 -0.004231 0.0007122169
20090416 0.0261 -0.003518535
20090417 -0.001577 -0.003029185
20090420 -0.008295 0.007378
20090421 0.018719 -0.0003083089
20090422 0.002346 -0.004636077
20090423 -0.011019 0.003069348
20090424 -0.013212 -0.00187856
20090427 -0.001299 0.003397848
20090428 0.01991 -0.00413597
20090429 0.0206 -0.0005956565
20090430 -0.007978 0.000548017
20090501 0.013565 -0.0005956849
20090504 0.015104 0.0003812792
20090505 -0.003202 0.001476085
20090506 -0.006424 -0.0005473259
20090507 -0.019404 -0.009398723
20090508 -0.010722 0.0009126499
20090511 0.013893 0.00698534
20090512 0.010107 0.003521968
20090513 -0.016163 0.00492892
20090514 -0.011833 0.0005435361
20090515 0.003167 -0.001702490
20090518 0.031666 -0.005267666
20090519 0.008893 0.001426432
20090520 -0.013838 0.004101524
20090521 -0.011821 -0.006718206
20090522 -0.009045 -0.002217639
20090526 0.030719 -0.002844816
20090527 -0.019901 -0.008848977
20090528 0.017099 0.002508746
20090529 0.015188 0.01996465
20090601 0.019665 -0.01527765
20090602 -0.014211 0.005476321
20090603 -0.003183 0.004497277
20090604 -0.001502 -0.008559798
20090605 0.008558 -0.009358566
20090608 0.002331 0.0003383359
20090609 0.006047 0.001328070
20090610 0.001942 -0.002270861
20090611 0.009691 0.00480138
20090612 -0.010878 0.004419047
20090615 -0.005452 0.006282643
20090616 -0.002788 0.004229843
20090617 -0.002982 0.001161261
20090618 -0.006262 -0.01069172
20090619 -0.004138 0.008059176
20090622 -0.012938 0.006509438
20090623 -0.000765 0.002356602
20090624 -0.002777 -0.001106911
20090625 0.018339 0.006201716
20090626 -0.003583 0.003413292
20090629 0.001419 0.0007465647
20090630 -0.013323 -0.0008399245
20090701 0.004022 -0.00182226
20090702 -0.029664 0.004409765
20090706 -0.000786 -0.0006520727
20090707 -0.014363 0.003697206
20090708 0.004891 0.009609018
20090709 0.013905 -0.007360185
20090710 -0.012245 0.006923318
20090713 0.02767 -0.001449926
20090714 -0.003571 -0.005982993
20090715 0.03845 -0.007862151
20090716 0.031897 0.001982994
20090717 0.043203 -0.004648726
20090720 0.008837 0.005370958
20090721 0.005153 0.00758678
20090722 -0.01256 -0.003844199
20090723 0.012893 -0.008668756
20090724 0.004955 0.002267654
20090727 -8.5e-05 -0.002548546
20090728 -0.002975 0.00191786
20090729 -0.000171 0.003102876
20090730 0.005117 0.003928913
20090731 0.000594 0.01135091
20090803 0.016874 -0.007529827
20090804 -0.002668 -0.001202646
20090805 -0.009448 -0.002363246
20090806 -0.004558 0.001298160
20090807 0.016613 -0.006787567
20090810 -0.00528 0.006671728
20090811 -0.007666 0.003907926
20090812 0.012735 -0.001015979
20090813 0.002431 0.007319632
20090814 -0.008446 0.001947465
20090817 -0.014422 0.00438507
20090818 0.006589 -0.001391090
20090819 0.007991 0.004053844
20090820 0.003205 0.001317374
20090821 0.007987 -0.007495792
20090824 -0.004837 0.005973842
20090825 -0.004107 0.002656225
20090826 0.005386 0.0009970994
20090827 -0.000335 -0.0008837426
20090828 -0.010131 0.00199298
20090831 -0.001438 0.002553356
20090901 -0.011521 -0.0007224129
20090902 -0.005142 0.00542788
20090903 0.002067 -0.001708518
20090904 0.009714 -0.006636893
20090908 -0.002554 -0.001133119
20090909 -0.003414 -0.0008393354
20090910 0.007794 0.008564347
20090911 0.003229 0.001978107
20090914 0.007031 -0.003622010
20090915 0.003954 -0.001353180
20090916 0.020695 0.0001579654
20090917 0.000493 0.004974407
20090918 0.001887 -0.004568325
20090921 -0.004422 -0.0002030205
20090922 0.000329 0.002568552
20090923 -0.006496 0.001079525
20090924 0.000993 0.003634817
20090925 0.001158 0.003152919
20090928 -0.014453 0.002809116
20090929 -0.004358 0.0004674197
20090930 0.006733 -0.001291501
20091001 -0.014296 0.007679881
20091002 0.0095 -0.002701208
20091005 0.006133 -0.000443518
20091006 0.013361 -0.002153857
20091007 0.011784 0.004148141
20091008 -0.003991 -0.004681771
20091009 0.029765 -0.00833031
20091012 0.008814 0.0003587605
20091013 -0.000157 0.00525452
20091014 0.010471 -0.007049611
20091015 -0.002883 -0.001978329
20091016 -0.049539 0.002472300
20091019 0.011674 0.002107860
20091020 -0.00195 0.004380874
20091021 -0.015877 -0.004246481
20091022 0.015057 -8.95937e-05
20091023 -0.018991 -0.003208259
20091026 -0.002077 -0.004030493
20091027 0.004496 0.00640963
20091028 0.007045 0.003602801
20091029 0.011276 -0.005959467
20091030 -0.018393 0.0070534
20091102 -0.000415 -0.001272648
20091103 0.004977 -0.002863793
20091104 0.001073 -0.003209123
20091105 0.014923 0.001055883
20091106 0.007636 0.002265261
20091109 0.020326 0.0008733332
20091110 0.007222 0.0001342913
20091111 0.002206 0.0001118956
20091112 -0.007312 0.001632252
20091113 0.006098 0.001607287
20091116 0.009289 0.006735829
20091117 0.003276 0.001107175
20091118 -0.003732 -0.002282120
20091119 -0.00476 0.002105054
20091120 -0.004548 -0.0007307271
20091123 0.009767 0.0003765019
20091124 -0.002106 0.002764051
20091125 -0.005081 0.002426061
20091127 -0.012414 0.003430535
20091130 0.005171 0.0007899935
20091201 0.012584 -0.003229743
20091202 -0.005706 -0.001365338
20091203 0.002673 -0.003532090
20091204 -0.002352 -0.005899853
20091207 -0.00165 0.001511548
20091208 -0.001889 0.003392653
20091209 0.012539 -0.001018804
20091210 0.007399 -0.003129337
20091211 0.002629 -0.002448145
20091214 0.001928 0.0005569231
20091215 -0.011083 -0.003569679
20091216 0.001712 0.001540987
20091217 -0.010178 0.007182198
20091218 0.004003 -0.002795591
20091221 0.005785 -0.005994647
20091222 0.009949 -0.0023273
20091223 0.000539 0.001410453
20091224 0.004385 -0.004192408
20091228 0.013326 -0.001911466
20091229 -0.003477 0.002136104
20091230 0.005461 0.002109137
20091231 -0.012597 -0.002468583
20100104 0.011841 0.0008983718
20100105 -0.01208 0.006042991
20100106 -0.006496 -0.002591775
20100107 -0.003462 -0.001141617
20100108 0.010035 0.0009402495
20100111 -0.01047 -0.0002237887
20100112 0.007955 0.006091525
20100113 -0.002145 -0.003744238
20100114 0.015972 0.004478068
20100115 -0.004006 0.002663945
20100119 0.017909 -0.002219461
20100120 -0.029 0.002241631
20100121 -0.009597 0.003386195
20100122 -0.027132 0.0001325586
20100125 0.00494 -0.001901688
20100126 -0.002934 0.0002213124
20100127 0.004612 6.638417e-05
20100128 -0.020423 -0.0009519277
20100129 -0.01099 0.003691958
20100201 0.018629 -0.002939196
20100202 0.006898 0.0009954322
20100203 0.001036 -0.004076484
20100204 -0.021168 0.005137187
20100205 0.004228 0.003087307
20100208 -0.008824 -0.001476308
20100209 0.010912 -0.002693812
20100210 -0.003247 -0.003987776
20100211 0.007491 -8.879812e-05
20100212 0.002182 0.002483372
20100216 0.009919 0.002035309
20100217 0.008784 -0.005340437
20100218 0.011715 -0.002246617
20100219 -0.004851 0.001290753
20100222 -0.002673 4.447904e-05
20100223 -0.003074 0.00680418
20100224 0.008936 -2.208846e-05
20100225 -0.004076 0.003571984
20100226 0.000708 0.003449605
20100301 0.011088 -0.001602476
20100302 -0.008945 0.0004392901
20100303 -0.004238 -0.0009666931
20100304 -0.001261 0.001537482
20100305 0.004182 -0.002967263
20100308 -0.006601 2.201213e-05
20100309 -0.006803 0.0004621428
20100310 0.000558 -0.001298945
20100311 0.015762 -0.0003305093
20100312 0.002665 0.0022673
20100315 -0.00086 0.0005715165
20100316 0.006571 0.003290848
20100317 -0.007072 0.0002409032
20100318 0.004853 -0.001358577
20100319 -0.005219 -0.0004605819
20100322 0.002114 0.001512545
20100323 0.010861 -0.0008107901
20100324 -0.006493 -0.00763606
20100325 0.005524 -0.003075258
20100326 0.000155 0.002655456
20100329 -0.005183 -0.0001326055
20100330 0.0014 0.0002430966
20100331 -0.004038 0.003110834
20100401 0 -0.001102026
20100405 0.008577 -0.007681703
20100406 -0.003247 0.001354668
20100407 -0.00349 0.006260875
20100408 -0.006771 -0.0007942637
20100409 0.009012 0.0004413355
20100412 -0.003107 0.002863943
20100413 0.00522 0.001934024
20100414 0.017205 -0.001890027
20100415 -0.002743 0.0008795269
20100416 -0.001986 0.004911106
20100419 0.012248 -0.001992229
20100420 -0.019209 0.0005039053
20100421 -0.005397 0.003760307
20100422 0.001085 -0.00146309
20100423 0.00666 -0.002472460
20100426 0.005693 0.0007664598
20100427 -0.01461 0.007523834
20100428 0.009936 -0.004922256
20100429 0.002767 0.002964968
20100430 -0.011191 0.004019167
20100503 0.004651 -0.002061879
20100504 -0.01142 0.005654567
20100505 -0.005151 0.003493717
20100506 -0.022674 0.009577242
20100507 -0.014687 -0.005409406
20100510 0.034152 -0.006819357
20100511 0.00491 -0.0002590618
20100512 0.04563 -0.002118187
20100513 -0.009044 0.0008867262
20100514 -0.002206 0.00773086
20100517 -0.005717 -2.145163e-05
20100518 -0.003757 0.00383253
20100519 -0.008388 -0.001304408
20100520 -0.039267 0.002052072
20100521 0.013086 0.002963786
20100524 -0.007734 -0.00123562
20100525 0.000562 0.002661076
20100526 -0.01036 -0.005842359
20100527 0.025643 -0.00647918
20100528 -0.008941 0.001655968
20100601 -0.007345 0.002618140
20100602 0.02469 -0.002338831
20100603 0.004317 -0.002925866
20100604 -0.020944 0.01037389
20100607 -0.009179 0.0004263665
20100608 -0.003303 0.0001065632
20100609 0.001455 -0.002069356
20100610 0.030508 -0.006706761
20100611 0.006031 0.007005695
20100614 0.000389 -0.002608009
20100615 0.010039 -0.002271511
20100616 0.004315 0.001886146
20100617 0.004833 0.003612311
20100618 -0.006337 -0.001580116
20100621 0.003842 -0.0004702462
20100622 -0.010333 0.004586137
20100623 0.006264 0.002677947
20100624 -0.014757 -0.0005095325
20100625 -0.008347 0.002269667
20100628 0.014632 0.004102006
20100629 -0.03016 0.003643835
20100630 -0.012871 0.0006305303
20100701 -0.00737 0.001343804
20100702 -0.005793 -0.003299743
20100706 0.01313 0.002942972
20100707 0.028673 -0.002353684
20100708 0.007638 -0.0014528
20100709 -7.8e-05 -0.002003692
20100712 0.005549 0.001835114
20100713 0.014067 -0.003356381
20100714 0.001839 0.003946277
20100715 0 0.004224426
20100716 -0.020578 0.002931878
20100719 0.013747 -0.001443923
20100720 -0.024963 0.002238237
20100721 -0.010115 0.002733468
20100722 0.017562 -0.002065061
20100723 0.007139 -0.003074191
20100726 0.000234 0.0001675463
20100727 0.001713 -0.002999132
20100728 -0.001555 0.003669036
20100729 -0.003192 4.185414e-05
20100730 0.002968 0.004697442
20100802 0.01838 -0.002899369
20100803 -0.002983 0.003628103
20100804 0.006903 -0.00214608
20100805 0.004266 0.001937925
20100806 -0.007889 0.003885356
20100809 0.014292 -0.0004148259
20100810 -0.001212 0.001637561
20100811 -0.015246 0.003721165
20100812 -0.011785 -0.0005160012
20100813 -0.003352 0.002309613
20100816 -0.000782 0.006610576
20100817 0.005322 -0.003402479
20100818 0.007338 0.001087592
20100819 -0.003806 0.003787069
20100820 -0.010861 -0.001185755
20100823 -0.008078 0
20100824 -0.012414 0.005589342
20100825 0.002962 -0.001628698
20100826 -0.019877 0.001994790
20100827 0.015882 -0.007142596
20100830 -0.010663 0.003965339
20100831 -0.002188 0.00421379
20100901 0.021441 -0.006582927
20100902 -0.005804 -0.001862484
20100903 0.020314 -0.003139269
20100907 -0.012776 0.005921481
20100908 0.001032 -0.002884647
20100909 0.002221 -0.006041694
20100910 0.0129 -0.001732924
20100913 0.012657 0.003668594
20100914 -0.005864 0.003757666
20100915 0.004501 -0.002873447
20100916 0.001854 -0.00174863
20100917 0.00401 0.0007615441
20100920 0.01229 0.002773699
20100921 0.001442 0.004217688
20100922 0.00447 0.002448731
20100923 -0.006789 -0.0001019108
20100924 0.018531 -0.002939498
20100927 0.004026 0.005606139
20100928 0.001782 0.002639274
20100929 0.004374 -0.002415681
20100930 -0.009891 -0.0005285735
20101001 0.011182 -0.001220852
20101004 -0.002875 0.001586818
20101005 0.017819 0.001279825
20101006 0.001308 0.003809451
20101007 0.006384 -0.000667631
20101008 0.000937 0.0003035239
20101011 0.005834 0.0003034318
20101012 0.00136 -0.00234894
20101013 0.003718 -0.001054767
20101014 0.00805 -0.002845299
20101015 -0.00311 -0.00411968
20101018 0.012548 0.004770749
20101019 -0.033606 0.001341491
20101020 0.007535 0.0003046335
20101021 0.005465 -0.002398960
20101022 -0.001144 -0.0004886292
20101025 0.001217 0.0009973642
20101026 0.005935 -0.004996798
20101027 0.005403 -0.00272304
20101028 -0.003747 0.001986708
20101029 0.019163 0.003472368
20101101 -0.00195 -0.0002243181
20101102 0.003628 0.002891882
20101103 0.002294 -0.002178317
20101104 0.018173 0.004777937
20101105 0.000886 -0.002945391
20101108 0.001293 -0.001343539
20101109 -0.002185 -0.006068364
20101110 0.002806 0.002170042
20101111 -0.007643 0.0001022443
20101112 -0.011621 -0.005536204
20101115 -0.000696 -0.007657495
20101116 -0.009747 0.003970229
20101117 -0.002039 4.127371e-05
20101118 0.016978 -0.001404263
20101119 0.00478 0.001404263
20101122 0.002344 0.003789912
20101123 -0.015201 0.002484473
20101124 0.018369 -0.00778198
20101126 -0.011659 0.003466136
20101129 -0.008466 0.001708013
20101130 -0.010008 0.002156568
20101201 0.020854 -0.008509462
20101202 0.005332 -0.002133544
20101203 0.001378 0.0004975434
20101206 -0.002683 0.004611209
20101207 -0.00669 -0.01059813
20101208 0.006666 -0.003383462
20101209 -0.00469 0.000982801
20101210 0.003604 -0.001526893
20101213 -0.003729 0.002341677
20101214 0.010674 -0.008030488
20101215 -0.007544 -0.002402783
20101216 -0.001175 0.001602497
20101217 0.003113 0.008392127
20101220 -0.003379 -0.001149750
20101221 0.008512 0.001024387
20101222 0.001441 -0.001359108
20101223 -0.000411 -0.002597894
20101227 -0.00377 0.00257697
20101228 0.002546 -0.006170657
20101229 0.005559 0.007843177
20101230 0.001024 -0.001400546
20101231 0.000614 0.004466529
