gas oil
1.192 26.85
1.168 24.08
1.139 21.41
1.106 21.3
1.078 22.12
1.054 19.38
1.025 18.73
1.045 19.86
1.043 19.89
1.047 20.3
1.052 19.58
1.066 19.63
1.069 20.89
1.09 21.48
1.104 21.19
1.113 21.23
1.121 21.69
1.129 20.95
1.14 21.04
1.138 21.21
1.135 20.63
1.126 19.84
1.114 20.08
1.104 20.21
1.098 20.8
1.094 21.43
1.091 21.91
1.091 21.4
1.099 21.46
1.112 21.5
1.124 21.44
1.124 21.99
1.127 21.98
1.12 21.84
1.11 21.54
1.097 21.85
1.092 22.24
1.089 22.41
1.084 23.08
1.088 23.82
1.091 23.46
1.091 23.32
1.102 23.47
1.104 22.57
1.099 22.04
1.099 21.49
1.091 20.55
1.075 19.64
1.063 19.2
1.053 18.68
1.042 19.11
1.026 18.41
1.014 18.81
1.006 18.66
0.995 19.05
1.004 19.42
1.011 19.49
1.014 18.62
1.012 18.51
1.013 18.55
1.01 18.76
1.015 19.1
1.013 19.09
1.026 19.73
1.051 20.43
1.058 20.06
1.072 20.06
1.089 20.63
1.102 20.86
1.118 20.8
1.12 20.49
1.128 21.98
1.143 22.38
1.151 22.35
1.153 22.26
1.149 22.68
1.147 22.03
1.139 21.48
1.132 21.58
1.128 21.95
1.126 21.95
1.123 21.34
1.116 21.18
1.123 21.39
1.121 21.43
1.121 21.66
1.124 21.94
1.123 22.21
1.118 21.71
1.115 21.81
1.115 21.9
1.113 22.25
1.113 21.58
1.12 20.95
1.12 20.52
1.112 20.37
1.106 20.35
1.098 20.16
1.089 19.38
1.078 19.01
1.074 19.38
1.069 19.91
1.065 19.63
1.066 19
1.061 18.62
1.055 18.61
1.055 19.9
1.062 20.22
1.053 20.13
1.047 19.51
1.042 20.4
1.048 20.69
1.058 20.45
1.056 20.14
1.057 20
1.068 20.44
1.079 20.37
1.079 20.28
1.086 19.95
1.086 20.3
1.097 20.47
1.106 20.06
1.106 19.43
1.107 19.84
1.104 19.95
1.101 19.43
1.095 18.76
1.089 18.52
1.086 18.61
1.081 18.02
1.075 17.72
1.069 17.54
1.062 18.18
1.06 17.67
1.059 17.87
1.065 17.84
1.062 18.49
1.055 18.1
1.051 16.96
1.045 16.94
1.047 17.67
1.092 18.33
1.09 18.46
1.093 18.57
1.092 18.12
1.084 17.37
1.075 17.29
1.064 16.71
1.058 16.75
1.051 16.08
1.036 15.21
1.018 14.68
1.003 14.31
0.999 14.4
0.992 14.21
0.995 15.03
1.001 14.67
0.999 15.02
1.005 15.34
1.007 15.76
1.016 14.87
1.009 14.13
1.004 14.44
1.007 14.68
1.005 14.24
1.007 14.82
1.012 15.15
1.011 14.44
1.028 15.65
1.033 16.07
1.037 17.02
1.04 16.93
1.045 17.2
1.046 17.93
1.05 18.21
1.056 18.14
1.065 18.24
1.073 18.26
1.079 19.61
1.095 19.8
1.097 19.16
1.103 19.39
1.109 20.16
1.114 19.39
1.13 19.66
1.157 20.09
1.161 18.88
1.165 17.85
1.161 17.23
1.156 17.52
1.15 17.65
1.14 16.93
1.129 17.38
1.12 17.83
1.114 18.13
1.106 17.37
1.107 17.35
1.121 17.93
1.123 18.69
1.122 18.25
1.113 17.51
1.105 17.73
1.103 17.78
1.095 16.99
1.087 16.86
1.077 17.1
1.079 17.71
1.086 17.62
1.078 17.55
1.083 18.45
1.083 18.34
1.076 18.5
1.074 18.42
1.067 18.55
1.073 18.75
1.076 18.5
1.069 18.27
1.068 18.13
1.075 18.69
1.087 19.12
1.103 19.43
1.117 19.53
1.138 20.26
1.148 20.29
1.169 20.24
1.179 19.74
1.197 19.98
1.199 19.37
1.199 18.92
1.196 19.05
1.189 18.91
1.182 17.88
1.175 17.71
1.165 17.28
1.153 17.34
1.144 17.21
1.132 17.41
1.127 17.72
1.125 17.81
1.124 17.6
1.117 19.02
1.113 17.88
1.111 18.37
1.11 18.72
1.109 18.32
1.105 17.55
1.097 17.29
1.087 17.28
1.079 17.51
1.068 17.56
1.065 17.79
1.063 17.76
1.06 18.06
1.061 17.99
1.062 18.32
1.063 18.74
1.078 19.02
1.082 19.12
1.083 19.44
1.093 19.99
1.098 19.43
1.091 18.64
1.087 18.35
1.083 17.64
1.08 17.72
1.087 18.8
1.107 21.45
1.124 19.49
1.125 19.72
1.135 20.8
1.164 23.16
1.178 22.03
1.204 22.49
1.242 23.95
1.256 24.34
1.273 23.8
1.275 21.16
1.277 20.98
1.285 21.06
1.275 22.24
1.269 20.37
1.262 20.04
1.258 20.15
1.245 20.95
1.234 20.55
1.231 21.4
1.228 21.65
1.227 21.8
1.218 20.96
1.207 20.66
1.203 21.35
1.205 22.25
1.209 22.5
1.197 21.82
1.203 23.48
1.206 24.42
1.206 23.52
1.2 24.33
1.194 24.44
1.203 24.93
1.204 25.45
1.215 25.15
1.223 23.91
1.226 22.92
1.236 23.9
1.244 24.03
1.241 24.21
1.241 25.14
1.236 24.2
1.231 26.02
1.227 25.44
1.225 25.59
1.241 26.3
1.241 25.42
1.238 24.4
1.236 24.24
1.234 23.49
1.227 22.21
1.223 22.18
1.215 20.83
1.206 20.77
1.2 20.64
1.204 21.72
1.2 20.83
1.203 19.76
1.199 19.38
1.199 19.65
1.195 19.85
1.193 19.99
1.193 19.94
1.203 21.45
1.212 21.43
1.215 20.9
1.207 20.12
1.198 18.88
1.187 18.93
1.181 19
1.177 19.95
1.173 19.44
1.177 19.49
1.17 19.52
1.193 20.13
1.228 20.35
1.229 19.99
1.244 19.92
1.243 19.5
1.243 19.61
1.236 19.44
1.225 19.44
1.21 20.12
1.209 21.62
1.203 22.01
1.193 21.03
1.182 21
1.176 20.92
1.177 20.65
1.168 20.66
1.162 19.81
1.152 19.3
1.141 18.69
1.131 18.44
1.121 18.31
1.112 18.31
1.102 17.58
1.094 16.83
1.083 16.47
1.066 16.02
1.061 17.3
1.053 16.65
1.038 16.25
1.044 16.03
1.028 15.3
1.018 15.23
1.008 14.4
1 14.04
1.03 16.42
1.028 15.98
1.025 15.55
1.028 15.53
1.04 14.5
1.049 15.71
1.063 15.48
1.072 15.03
1.07 13.91
1.066 14.99
1.075 15.02
1.066 13.42
1.058 12.04
1.057 14.17
1.058 14.41
1.054 13.94
1.059 14.48
1.05 13.89
1.039 14.24
1.033 13.83
1.026 13.12
1.019 13.33
1.013 13.65
1.007 13.98
1.002 14.45
1.014 14.88
1.014 15.78
1.019 15.83
1.022 15.02
1.019 14.21
1.015 13.81
1.01 14.34
1.008 14.13
0.996 13.63
0.989 12.4
0.974 11.62
0.954 11.28
0.945 11.16
0.944 11.5
0.937 11
0.935 11.83
0.941 12.67
0.944 12.62
0.936 12.26
0.929 12.46
0.927 12.16
0.919 11.81
0.907 11.66
0.913 12.36
0.921 12.9
0.977 14.19
1.017 14.91
1.082 15.55
1.118 16.61
1.14 16.45
1.135 16.77
1.131 17.93
1.136 18.23
1.14 18.62
1.14 18
1.126 17.18
1.111 17.07
1.112 16.77
1.108 17.96
1.124 18.21
1.113 18.05
1.125 19.04
1.143 19.87
1.169 20.21
1.193 19.89
1.195 20.62
1.206 20.54
1.236 21.44
1.234 21.62
1.233 21.21
1.242 21.88
1.25 23
1.268 24.28
1.262 24.53
1.255 24.58
1.249 22.72
1.236 22.54
1.237 22.65
1.23 22.5
1.233 22.72
1.251 24.22
1.269 26.05
1.274 27.35
1.273 25.46
1.275 26.19
1.269 26.2
1.273 26.07
1.272 26.34
1.264 24.95
1.277 26.27
1.315 29.37
1.316 28.34
1.325 28.08
1.356 28.83
1.406 29.87
1.421 30.1
1.501 31.07
1.527 32.14
1.529 31.29
1.508 27.99
1.503 26.92
1.475 25.6
1.444 24.87
1.437 26.66
1.42 25.95
1.455 26.75
1.492 28.7
1.527 29.88
1.54 29.46
1.563 29.98
1.631 29.79
1.681 32.45
1.658 33.55
1.625 32.12
1.593 30.4
1.546 30.44
1.52 30.65
1.471 28.02
1.462 28.5
1.447 30.14
1.468 31.82
1.481 32.46
1.53 33.08
1.561 34.42
1.562 34.7
1.548 35.49
1.524 31.13
1.502 31.27
1.539 33.9
1.551 33.48
1.545 33.92
1.526 32.78
1.523 33.46
1.51 35
1.51 35.91
1.486 34.1
1.449 29.69
1.422 29.05
1.414 27.38
1.406 26.52
1.425 27.8
1.474 28.81
1.471 30.63
1.46 31.35
1.443 29.59
1.476 30.92
1.449 29.67
1.431 28.65
1.417 27.91
1.412 28.45
1.404 27.02
1.404 26.42
1.442 26.86
1.5 26.76
1.571 28.27
1.619 27.89
1.626 26.99
1.703 28.36
1.713 28.12
1.687 29.08
1.704 28.92
1.679 28.44
1.647 27.98
1.601 28.9
1.538 27.09
1.474 26.37
1.437 26.87
1.413 27.07
1.395 25.26
1.384 26.5
1.376 27.1
1.392 27.87
1.427 27.52
1.488 27.25
1.545 26.84
1.527 27.38
1.529 28.22
1.485 27.09
1.416 22.35
1.352 22.6
1.309 22.66
1.265 21.92
1.235 21.78
1.206 21.17
1.182 20.7
1.167 19.61
1.127 18.28
1.108 19.13
1.095 19.47
1.059 18.45
1.072 19.2
1.096 20.94
1.112 20.8
1.111 20.54
1.105 18.61
1.101 19.21
1.116 19.71
1.107 19.97
1.116 21.18
1.116 20.7
1.144 21.43
1.223 23.31
1.288 24.4
1.342 25.25
1.371 25.86
1.413 26.99
1.404 25.24
1.404 25.54
1.393 26.46
1.395 26.88
1.388 27.27
1.397 28.43
1.387 27.18
1.392 25.22
1.375 25.01
1.378 24.94
1.384 25.61
1.392 26.52
1.382 26.81
1.394 26.7
1.41 27.62
1.407 26.64
1.395 26.87
1.393 26.77
1.392 28.52
1.403 30.09
1.394 28.84
1.395 28.65
1.401 29.59
1.395 29.39
1.413 30.63
1.439 30.25
1.44 29.37
1.458 29.65
1.444 27.88
1.448 27.03
1.439 25.97
1.409 25.68
1.38 26.98
1.364 26.83
1.36 27.14
1.363 27.82
1.401 30.35
1.441 32.38
1.444 31.96
1.454 31.54
1.459 33.04
1.473 34.46
1.527 33.19
1.607 33.95
1.66 35.79
1.658 36.78
1.686 36.98
1.712 36.98
1.728 36.66
1.69 30.46
1.649 30.43
1.63 29.33
1.595 28.03
1.574 29.28
1.557 28.43
1.513 25.69
1.491 26.58
1.498 28.54
1.487 29.29
1.473 29.1
1.49 30.68
1.518 31.46
1.496 30.6
1.487 30.01
1.489 30.31
1.521 30.73
1.524 31.48
1.516 30.61
1.536 30.73
1.571 32.11
1.627 31.31
1.747 31.19
1.746 31.56
1.717 29.2
1.697 28.92
1.643 27.39
1.591 27.73
1.573 29.43
1.568 30.69
1.571 31.49
1.542 30.17
1.535 29.28
1.504 29.79
1.497 31.56
1.512 32.58
1.49 30.11
1.476 30.63
1.465 32.16
1.485 33.2
1.478 32.24
1.51 32.68
1.56 33.89
1.595 34.51
1.622 35.45
1.616 33.61
1.638 33.41
1.648 33.88
1.688 35.54
1.717 36.08
1.738 36.67
1.724 36.44
1.743 37.78
1.758 36.65
1.78 35.23
1.786 35.7
1.813 37.39
1.812 37.32
1.844 37.31
1.941 39.24
2.017 40.37
2.064 40.84
2.051 40.65
2.034 40.01
1.985 37.99
1.937 37.86
1.921 37.7
1.895 37.14
1.917 39.73
1.928 40.33
1.905 41.27
1.888 42.5
1.877 43.81
1.875 45.24
1.884 47.28
1.866 44.34
1.85 43.28
1.846 43.33
1.866 44.39
1.917 47.82
1.938 49.71
1.993 51.77
2.035 54.12
2.032 54.43
2.034 53.43
2.001 49.81
1.969 48
1.948 47.02
1.945 48.79
1.911 46.06
1.847 41.91
1.815 43.5
1.791 44.39
1.778 42.52
1.793 44.07
1.819 46.79
1.853 47.85
1.911 48.56
1.909 46.97
1.898 46.08
1.905 47.82
1.928 51.75
1.999 52.74
2.056 54.22
2.109 55.93
2.153 52.95
2.217 54.97
2.28 55.24
2.237 51.44
2.236 52.39
2.235 52
2.186 50.64
2.163 50.33
2.125 47.77
2.097 50.15
2.116 53.76
2.13 53.74
2.161 56.18
2.215 59.04
2.226 58.21
2.328 60.36
2.317 59.18
2.289 57.3
2.291 59.39
2.368 61.64
2.55 64.85
2.612 64.92
2.61 66.34
3.069 68.47
2.955 64.81
2.786 63.84
2.803 66.43
2.928 66.06
2.848 63.06
2.725 62.87
2.603 62.28
2.48 61.33
2.376 60.34
2.296 58.8
2.201 57
2.154 58.13
2.147 57.78
2.185 59.83
2.211 60.32
2.197 57.97
2.238 59.82
2.327 63.39
2.32 63.74
2.336 66.79
2.357 66.82
2.342 66.59
2.284 63.06
2.24 59.37
2.254 59.93
2.331 62.27
2.366 60.89
2.504 62.64
2.498 61.36
2.588 65.67
2.683 66.56
2.783 68.85
2.914 71.87
2.919 70.38
2.909 72.14
2.947 71.5
2.892 69.07
2.867 70.35
2.892 71.53
2.906 71.54
2.871 69.48
2.869 69.94
2.934 72.65
2.973 74.65
2.989 75.21
3.003 73.98
3.004 73.87
3.038 75.2
3 75.63
2.924 71.79
2.845 72.12
2.727 70.01
2.618 67.53
2.497 63.98
2.378 61.4
2.31 61.94
2.261 59.77
2.226 58.58
2.208 58.48
2.218 58.88
2.2 58.55
2.232 59.96
2.239 57.56
2.246 57.24
2.297 62.02
2.293 62.32
2.32 61.91
2.341 62.4
2.334 60.66
2.306 57.76
2.229 54.11
2.165 51.51
2.165 53.57
2.191 57.11
2.241 58.99
2.296 58.41
2.383 59.57
2.505 61.64
2.559 60.85
2.577 57.94
2.61 58.26
2.707 64.18
2.802 64.82
2.876 62.58
2.869 63.06
2.971 65.26
3.054 63.82
3.103 61.9
3.218 63.61
3.209 64.89
3.157 63.94
3.076 65.9
3.009 66.62
2.982 68.78
2.959 69.13
2.981 71.78
3.049 72.79
2.958 74.92
2.876 75.15
2.838 76.75
2.771 71.92
2.785 72.05
2.749 70.19
2.796 72.93
2.818 75.96
2.787 78.95
2.812 82.26
2.788 81.7
2.77 80.59
2.762 81.46
2.823 87.8
2.872 89.23
3.013 93.46
3.111 95.81
3.099 93.56
3.097 97.93
3.061 92.47
3 88.71
2.998 91.18
2.98 91.16
3.053 95.64
3.109 98.17
3.068 94.76
3.017 91.51
2.977 89.41
2.978 91.14
2.96 89.08
3.042 94.13
3.13 99.61
3.162 100.84
3.225 103.44
3.284 109.35
3.259 105.28
3.29 104.49
3.332 103.46
3.389 109.71
3.508 114.33
3.603 118.53
3.613 115.42
3.722 123.01
3.791 124.96
3.937 130.14
3.976 128.47
4.039 128.16
4.082 134.8
4.079 134.34
4.095 137
4.114 142.52
4.113 139.95
4.064 135.37
3.955 125.92
3.88 124.57
3.809 118.8
3.74 114.4
3.685 115.7
3.68 116.09
3.648 108.37
3.835 102.88
3.718 97.19
3.632 111.12
3.484 96.59
3.151 86.24
2.914 75.19
2.656 68.56
2.4 65.21
2.224 64.31
2.072 58.6
1.892 52.26
1.811 53.27
1.699 45.6
1.659 44.57
1.653 39.7
1.613 32.98
1.684 42.4
1.784 44.46
1.847 36.73
1.838 42.15
1.892 42.7
1.926 40.78
1.964 36.94
1.909 37.15
1.934 41.1
1.941 43.18
1.91 45.66
1.962 49.49
2.046 52.99
2.037 50.34
2.051 50.46
2.059 49.86
2.049 47.8
2.078 50.2
2.24 55.96
2.309 57.94
2.435 60.32
2.524 64.32
2.624 68.11
2.672 70.85
2.691 70.62
2.642 68.58
2.612 69.32
2.528 61.48
2.463 61.29
2.503 65.28
2.557 67.03
2.647 71.58
2.637 69.64
2.628 70.8
2.613 72.37
2.588 68.39
2.577 70.91
2.552 71.32
2.499 68.33
2.468 68.84
2.489 70.8
2.574 75.73
2.674 80.06
2.694 78.47
2.666 79
2.629 78.24
2.639 78.37
2.629 76.14
2.634 76.81
2.599 71.51
2.589 71.72
2.607 74.76
2.665 79.07
2.751 82.34
2.739 80.06
2.705 76.62
2.661 73.94
2.652 74.57
2.608 73.88
2.655 78.25
2.702 79.22
2.751 80.19
2.788 81.76
2.819 81.44
2.798 80.65
2.826 83.01
2.858 85.66
2.86 84.34
2.849 82.9
2.898 84.22
2.905 80.24
2.864 74.98
2.786 69.14
2.728 70.62
2.725 72.91
2.701 73.44
2.743 76.7
2.757 77.06
2.726 74.96
2.718 74.39
2.722 76.35
2.749 77.56
2.735 78.12
2.783 81.79
2.745 78.17
2.704 74.84
2.682 72.91
2.682 74.02
2.721 74.82
2.723 75.62
2.694 73.76
2.732 78.41
2.819 82.29
2.834 82.16
2.817 81.15
2.806 82.03
2.865 84.93
2.892 86.91
2.876 82.23
2.856 82.28
2.958 86.75
2.98 88.5
2.982 88.27
3.052 89.66
3.07 90.97
3.089 89.54
3.104 91.02
3.11 89.75
3.101 86.11
3.132 89.52
3.14 85.51
3.189 84.13
3.383 95.26
3.52 101.05
3.567 103.74
3.562 99.79
3.596 104.41
3.684 105.08
3.791 109.29
3.844 107.75
3.879 109.11
3.963 112.3
3.965 105.84
3.96 99.87
3.849 97.99
3.794 99.55
3.781 100.92
3.713 100.05
3.652 95.87
3.574 92.7
3.579 93.7
3.641 97.12
3.682 96.72
3.699 98.01
3.711 97.83
3.674 90.85
3.604 82.86
3.581 85.36
3.627 85.06
3.674 88.07
3.661 87.91
3.601 88.93
3.509 83.65
3.433 81.18
3.417 79.43
3.476 85.35
3.462 86.82
3.452 92.32
3.424 93.24
3.436 96.97
3.368 99.32
3.307 96.89
3.29 99.91
3.286 100.08
3.229 96.06
3.258 97.74
3.299 99.81
3.382 102.39
3.391 100.43
3.389 99.95
3.439 99.35
3.482 97.8
3.523 98.56
3.591 101.73
3.721 107.18
3.793 107.52
3.829 106.32
3.867 106.15
3.918 106.41
3.941 105.12
3.939 103.52
3.922 102.55
3.87 103.15
3.83 103.78
3.79 103.47
3.754 96.98
3.715 93.11
3.67 90.88
3.613 87.06
3.572 84.43
3.533 83.27
3.437 81.11
3.356 80.23
3.411 85.74
3.427 85.78
3.494 90.34
3.508 88.88
3.645 89.1
3.721 93.14
3.744 94.43
3.776 96.22
3.843 95.68
3.847 95.68
3.878 97.56
3.826 93.7
3.804 91.35
3.85 90.81
3.819 91.42
3.687 91.59
3.568 86.35
3.492 85.87
3.449 85.98
3.429 85.87
3.437 87.4
3.394 87.27
3.349 87
3.254 85.71
3.257 88.24
3.298 90.14
3.299 92.77
3.303 93.38
3.315 94.58
3.357 95.41
3.538 97.33
3.611 96.18
3.747 96.95
3.784 94.38
3.759 92.19
3.71 91
3.696 92.7
3.68 93.05
3.645 96.08
3.608 95.07
3.542 93.36
3.536 88
3.52 91
3.538 93.4
3.603 95.84
3.673 94.65
3.645 94.76
3.646 93.32
3.655 94.25
3.626 96.36
3.577 96.65
3.496 95.83
3.492 100.65
3.639 104.7
3.682 106.88
3.646 105.88
3.632 105.54
3.561 105.17
3.55 106.97
3.552 105.48
3.608 108.33
3.587 108.77
3.547 108.36
3.495 106.22
3.425 103.1
3.367 103.14
3.354 102.7
3.36 101.51
3.294 97.57
3.265 96.94
3.194 94.31
3.219 93.94
3.293 93.92
3.272 92.97
3.269 96.21
3.239 97.23
3.271 97.85
3.331 99.15
3.332 96.47
3.327 92.42
3.296 92.98
3.295 96.19
3.292 97.29
3.309 97.78
3.38 100.21
3.444 102.93
3.479 102.77
3.512 103.07
3.547 99.55
3.549 99.77
3.579 100.66
3.596 100.46
3.651 102.72
3.683 103.95
3.713 102.11
3.684 100.51
3.668 100.29
3.665 101.92
3.674 103.82
3.69 103.95
3.674 103.23
3.686 105.97
3.704 107.23
3.704 106.69
3.678 105.52
3.635 103.25
3.593 102.37
3.539 104.35
3.515 102.19
3.505 97.5
3.472 97.17
3.454 94.95
3.459 96.25
3.457 94.06
3.408 92.43
3.353 93.52
3.354 93.15
3.299 91.44
3.207 87.63
3.12 82.88
3.056 82.12
2.993 81.29
2.941 78.24
2.894 76.5
2.821 75.38
2.778 72.36
2.679 67.18
2.554 61.14
2.403 55.89
2.299 55.58
2.214 53.44
2.139 48.77
2.066 47.07
2.044 46.46
2.068 45.32
2.191 50.58
2.274 51.14
2.332 51.69
2.473 49.16
2.487 50.38
2.453 47.69
2.457 44.39
2.448 48.68
2.413 48.91
2.408 51.78
